Wvlgth Global_tilted_irradiance
.2800E+03 .6035E-23
.2810E+03 .1644E-20
.2820E+03 .4719E-18
.2830E+03 .4696E-18
.2840E+03 .1099E-16
.2850E+03 .6139E-16
.2860E+03 .1615E-14
.2870E+03 .1723E-13
.2880E+03 .3486E-12
.2890E+03 .2690E-11
.2900E+03 .2619E-10
.2910E+03 .1189E-09
.2920E+03 .8011E-09
.2930E+03 .2686E-08
.2940E+03 .8697E-08
.2950E+03 .2930E-07
.2960E+03 .6499E-07
.2970E+03 .2032E-06
.2980E+03 .6121E-06
.2990E+03 .2351E-05
.3000E+03 .2907E-05
.3010E+03 .1409E-04
.3020E+03 .1395E-04
.3030E+03 .8578E-04
.3040E+03 .8664E-04
.3050E+03 .3109E-03
.3060E+03 .3859E-03
.3070E+03 .9058E-03
.3080E+03 .1704E-02
.3090E+03 .1854E-02
.3100E+03 .3264E-02
.3110E+03 .6550E-02
.3120E+03 .8205E-02
.3130E+03 .1079E-01
.3140E+03 .1584E-01
.3150E+03 .1985E-01
.3160E+03 .1573E-01
.3170E+03 .2986E-01
.3180E+03 .2449E-01
.3190E+03 .4376E-01
.3200E+03 .3937E-01
.3210E+03 .5184E-01
.3220E+03 .5079E-01
.3230E+03 .4593E-01
.3240E+03 .7170E-01
.3250E+03 .5895E-01
.3260E+03 .9785E-01
.3270E+03 .1006E+00
.3280E+03 .8271E-01
.3290E+03 .1117E+00
.3300E+03 .1260E+00
.3310E+03 .1009E+00
.3320E+03 .1165E+00
.3330E+03 .1079E+00
.3340E+03 .1044E+00
.3350E+03 .1134E+00
.3360E+03 .9459E-01
.3370E+03 .8803E-01
.3380E+03 .1105E+00
.3390E+03 .1169E+00
.3400E+03 .1364E+00
.3410E+03 .1166E+00
.3420E+03 .1297E+00
.3430E+03 .1432E+00
.3440E+03 .9517E-01
.3450E+03 .1267E+00
.3460E+03 .1081E+00
.3470E+03 .1291E+00
.3480E+03 .1166E+00
.3490E+03 .1082E+00
.3500E+03 .1436E+00
.3510E+03 .1261E+00
.3520E+03 .1369E+00
.3530E+03 .1400E+00
.3540E+03 .1349E+00
.3550E+03 .1359E+00
.3560E+03 .1421E+00
.3570E+03 .8957E-01
.3580E+03 .9074E-01
.3590E+03 .1170E+00
.3600E+03 .1592E+00
.3610E+03 .1065E+00
.3620E+03 .1105E+00
.3630E+03 .1352E+00
.3640E+03 .1562E+00
.3650E+03 .1222E+00
.3660E+03 .1677E+00
.3670E+03 .1599E+00
.3680E+03 .1389E+00
.3690E+03 .1576E+00
.3700E+03 .1797E+00
.3710E+03 .1564E+00
.3720E+03 .1154E+00
.3730E+03 .1491E+00
.3740E+03 .1442E+00
.3750E+03 .1185E+00
.3760E+03 .1318E+00
.3770E+03 .1509E+00
.3780E+03 .2083E+00
.3790E+03 .1584E+00
.3800E+03 .1346E+00
.3810E+03 .1721E+00
.3820E+03 .1238E+00
.3830E+03 .1021E+00
.3840E+03 .1027E+00
.3850E+03 .1477E+00
.3860E+03 .1233E+00
.3870E+03 .1364E+00
.3880E+03 .1389E+00
.3890E+03 .1465E+00
.3900E+03 .1806E+00
.3910E+03 .1988E+00
.3920E+03 .1589E+00
.3930E+03 .8744E-01
.3940E+03 .1332E+00
.3950E+03 .2026E+00
.3960E+03 .1661E+00
.3970E+03 .8147E-01
.3980E+03 .2065E+00
.3990E+03 .2516E+00
.4000E+03 .2335E+00
.4010E+03 .2413E+00
.4020E+03 .2798E+00
.4030E+03 .2864E+00
.4040E+03 .2618E+00
.4050E+03 .2485E+00
.4060E+03 .2702E+00
.4070E+03 .2949E+00
.4080E+03 .2575E+00
.4090E+03 .2692E+00
.4100E+03 .2393E+00
.4110E+03 .2679E+00
.4120E+03 .3222E+00
.4130E+03 .2566E+00
.4140E+03 .2764E+00
.4150E+03 .3004E+00
.4160E+03 .3477E+00
.4170E+03 .3266E+00
.4180E+03 .3051E+00
.4190E+03 .3057E+00
.4200E+03 .2911E+00
.4210E+03 .3091E+00
.4220E+03 .2887E+00
.4230E+03 .2898E+00
.4240E+03 .2913E+00
.4250E+03 .3119E+00
.4260E+03 .3613E+00
.4270E+03 .3304E+00
.4280E+03 .2878E+00
.4290E+03 .3198E+00
.4300E+03 .2869E+00
.4310E+03 .2385E+00
.4320E+03 .3568E+00
.4330E+03 .3658E+00
.4340E+03 .3056E+00
.4350E+03 .2784E+00
.4360E+03 .3559E+00
.4370E+03 .4153E+00
.4380E+03 .4161E+00
.4390E+03 .3015E+00
.4400E+03 .3514E+00
.4410E+03 .4557E+00
.4420E+03 .5213E+00
.4430E+03 .4691E+00
.4440E+03 .4399E+00
.4450E+03 .3573E+00
.4460E+03 .4215E+00
.4470E+03 .4815E+00
.4480E+03 .3463E+00
.4490E+03 .4569E+00
.4500E+03 .5234E+00
.4510E+03 .5309E+00
.4520E+03 .5068E+00
.4530E+03 .4779E+00
.4540E+03 .5506E+00
.4550E+03 .5101E+00
.4560E+03 .5525E+00
.4570E+03 .5872E+00
.4580E+03 .4846E+00
.4590E+03 .5382E+00
.4600E+03 .5150E+00
.4610E+03 .5328E+00
.4620E+03 .5963E+00
.4630E+03 .4738E+00
.4640E+03 .5174E+00
.4650E+03 .5875E+00
.4660E+03 .6575E+00
.4670E+03 .5398E+00
.4680E+03 .5709E+00
.4690E+03 .6256E+00
.4700E+03 .6153E+00
.4710E+03 .6274E+00
.4720E+03 .6406E+00
.4730E+03 .6225E+00
.4740E+03 .5098E+00
.4750E+03 .5371E+00
.4760E+03 .6039E+00
.4770E+03 .6370E+00
.4780E+03 .6614E+00
.4790E+03 .6289E+00
.4800E+03 .5997E+00
.4810E+03 .6472E+00
.4820E+03 .6970E+00
.4830E+03 .7582E+00
.4840E+03 .7436E+00
.4850E+03 .6864E+00
.4860E+03 .5945E+00
.4870E+03 .6469E+00
.4880E+03 .6330E+00
.4890E+03 .5492E+00
.4900E+03 .6703E+00
.4910E+03 .7529E+00
.4920E+03 .7032E+00
.4930E+03 .7089E+00
.4940E+03 .6695E+00
.4950E+03 .6661E+00
.4960E+03 .6744E+00
.4970E+03 .7307E+00
.4980E+03 .7785E+00
.4990E+03 .8316E+00
.5000E+03 .8303E+00
.5010E+03 .7845E+00
.5020E+03 .7225E+00
.5030E+03 .7041E+00
.5040E+03 .6586E+00
.5050E+03 .6552E+00
.5060E+03 .7605E+00
.5070E+03 .7464E+00
.5080E+03 .7358E+00
.5090E+03 .7140E+00
.5100E+03 .6913E+00
.5110E+03 .7426E+00
.5120E+03 .7680E+00
.5130E+03 .7559E+00
.5140E+03 .7933E+00
.5150E+03 .8104E+00
.5160E+03 .8175E+00
.5170E+03 .7495E+00
.5180E+03 .7536E+00
.5190E+03 .7585E+00
.5200E+03 .7920E+00
.5210E+03 .8385E+00
.5220E+03 .8540E+00
.5230E+03 .8306E+00
.5240E+03 .8515E+00
.5250E+03 .7736E+00
.5260E+03 .7482E+00
.5270E+03 .7388E+00
.5280E+03 .7925E+00
.5290E+03 .8672E+00
.5300E+03 .8559E+00
.5310E+03 .8692E+00
.5320E+03 .8280E+00
.5330E+03 .8131E+00
.5340E+03 .8766E+00
.5350E+03 .9384E+00
.5360E+03 .9603E+00
.5370E+03 .9317E+00
.5380E+03 .9131E+00
.5390E+03 .8804E+00
.5400E+03 .8814E+00
.5410E+03 .8790E+00
.5420E+03 .8403E+00
.5430E+03 .8345E+00
.5440E+03 .8624E+00
.5450E+03 .8421E+00
.5460E+03 .8703E+00
.5470E+03 .8877E+00
.5480E+03 .8572E+00
.5490E+03 .8639E+00
.5500E+03 .9091E+00
.5510E+03 .9259E+00
.5520E+03 .9310E+00
.5530E+03 .8931E+00
.5540E+03 .9373E+00
.5550E+03 .9689E+00
.5560E+03 .9775E+00
.5570E+03 .9433E+00
.5580E+03 .9340E+00
.5590E+03 .9340E+00
.5600E+03 .9428E+00
.5610E+03 .9423E+00
.5620E+03 .9238E+00
.5630E+03 .9181E+00
.5640E+03 .8578E+00
.5650E+03 .8637E+00
.5660E+03 .9058E+00
.5670E+03 .9286E+00
.5680E+03 .8734E+00
.5690E+03 .8183E+00
.5700E+03 .8292E+00
.5710E+03 .8226E+00
.5720E+03 .8298E+00
.5730E+03 .8745E+00
.5740E+03 .8991E+00
.5750E+03 .8912E+00
.5760E+03 .9047E+00
.5770E+03 .9215E+00
.5780E+03 .9096E+00
.5790E+03 .8962E+00
.5800E+03 .9232E+00
.5810E+03 .9541E+00
.5820E+03 .9854E+00
.5830E+03 .9906E+00
.5840E+03 .9917E+00
.5850E+03 .9411E+00
.5860E+03 .9160E+00
.5870E+03 .9197E+00
.5880E+03 .8277E+00
.5890E+03 .6516E+00
.5900E+03 .6651E+00
.5910E+03 .7334E+00
.5920E+03 .7055E+00
.5930E+03 .7670E+00
.5940E+03 .7887E+00
.5950E+03 .7406E+00
.5960E+03 .8494E+00
.5970E+03 .8352E+00
.5980E+03 .8449E+00
.5990E+03 .8574E+00
.6000E+03 .8800E+00
.6010E+03 .9007E+00
.6020E+03 .9125E+00
.6030E+03 .9549E+00
.6040E+03 .9871E+00
.6050E+03 .9868E+00
.6060E+03 .9883E+00
.6070E+03 .1003E+01
.6080E+03 .9926E+00
.6090E+03 .9987E+00
.6100E+03 .9909E+00
.6110E+03 .9857E+00
.6120E+03 .9576E+00
.6130E+03 .9453E+00
.6140E+03 .9501E+00
.6150E+03 .9832E+00
.6160E+03 .9420E+00
.6170E+03 .9335E+00
.6180E+03 .9853E+00
.6190E+03 .9870E+00
.6200E+03 .9805E+00
.6210E+03 .9739E+00
.6220E+03 .9548E+00
.6230E+03 .9160E+00
.6240E+03 .9112E+00
.6250E+03 .9274E+00
.6260E+03 .9449E+00
.6270E+03 .9377E+00
.6280E+03 .8245E+00
.6290E+03 .9007E+00
.6300E+03 .9031E+00
.6310E+03 .9471E+00
.6320E+03 .9131E+00
.6330E+03 .9663E+00
.6340E+03 .9693E+00
.6350E+03 .9867E+00
.6360E+03 .9755E+00
.6370E+03 .9903E+00
.6380E+03 .1012E+01
.6390E+03 .1005E+01
.6400E+03 .9996E+00
.6410E+03 .9987E+00
.6420E+03 .9930E+00
.6430E+03 .9958E+00
.6440E+03 .1006E+01
.6450E+03 .9908E+00
.6460E+03 .9090E+00
.6470E+03 .8282E+00
.6480E+03 .8159E+00
.6490E+03 .8212E+00
.6500E+03 .9092E+00
.6510E+03 .9559E+00
.6520E+03 .8044E+00
.6530E+03 .9506E+00
.6540E+03 .9419E+00
.6550E+03 .8766E+00
.6560E+03 .7798E+00
.6570E+03 .8031E+00
.6580E+03 .9365E+00
.6590E+03 .9450E+00
.6600E+03 .9416E+00
.6610E+03 .9476E+00
.6620E+03 .9414E+00
.6630E+03 .9343E+00
.6640E+03 .9757E+00
.6650E+03 .9923E+00
.6660E+03 .1007E+01
.6670E+03 .1016E+01
.6680E+03 .1024E+01
.6690E+03 .1042E+01
.6700E+03 .1039E+01
.6710E+03 .1044E+01
.6720E+03 .1036E+01
.6730E+03 .1050E+01
.6740E+03 .1048E+01
.6750E+03 .1041E+01
.6760E+03 .1049E+01
.6770E+03 .1039E+01
.6780E+03 .1045E+01
.6790E+03 .1030E+01
.6800E+03 .1038E+01
.6810E+03 .1033E+01
.6820E+03 .1033E+01
.6830E+03 .1030E+01
.6840E+03 .1023E+01
.6850E+03 .1036E+01
.6860E+03 .1025E+01
.6870E+03 .5038E+00
.6880E+03 .6726E+00
.6890E+03 .6759E+00
.6900E+03 .7346E+00
.6910E+03 .7925E+00
.6920E+03 .7945E+00
.6930E+03 .6923E+00
.6940E+03 .6734E+00
.6950E+03 .7683E+00
.6960E+03 .7705E+00
.6970E+03 .9195E+00
.6980E+03 .9000E+00
.6990E+03 .7992E+00
.7000E+03 .7857E+00
.7010E+03 .7275E+00
.7020E+03 .7637E+00
.7030E+03 .7967E+00
.7040E+03 .8774E+00
.7050E+03 .8172E+00
.7060E+03 .8465E+00
.7070E+03 .8496E+00
.7080E+03 .8482E+00
.7090E+03 .9085E+00
.7100E+03 .8710E+00
.7110E+03 .8911E+00
.7120E+03 .9163E+00
.7130E+03 .8796E+00
.7140E+03 .8936E+00
.7150E+03 .8071E+00
.7160E+03 .7904E+00
.7170E+03 .4413E+00
.7180E+03 .3654E+00
.7190E+03 .3440E+00
.7200E+03 .3198E+00
.7210E+03 .4917E+00
.7220E+03 .7214E+00
.7230E+03 .5889E+00
.7240E+03 .4416E+00
.7250E+03 .3875E+00
.7260E+03 .4416E+00
.7270E+03 .4886E+00
.7280E+03 .4061E+00
.7290E+03 .5039E+00
.7300E+03 .5010E+00
.7310E+03 .4624E+00
.7320E+03 .6053E+00
.7330E+03 .7199E+00
.7340E+03 .7777E+00
.7350E+03 .7404E+00
.7360E+03 .7217E+00
.7370E+03 .7299E+00
.7380E+03 .7949E+00
.7390E+03 .7889E+00
.7400E+03 .8486E+00
.7410E+03 .8623E+00
.7420E+03 .8923E+00
.7430E+03 .9241E+00
.7440E+03 .9408E+00
.7450E+03 .9578E+00
.7460E+03 .9612E+00
.7470E+03 .9706E+00
.7480E+03 .9726E+00
.7490E+03 .9633E+00
.7500E+03 .9631E+00
.7510E+03 .9531E+00
.7520E+03 .9585E+00
.7530E+03 .9648E+00
.7540E+03 .9660E+00
.7550E+03 .9600E+00
.7560E+03 .9625E+00
.7570E+03 .9644E+00
.7580E+03 .9526E+00
.7590E+03 .9224E+00
.7600E+03 .4262E-01
.7610E+03 .1436E-01
.7620E+03 .2952E+00
.7630E+03 .8812E-01
.7640E+03 .1785E+00
.7650E+03 .2946E+00
.7660E+03 .4328E+00
.7670E+03 .6316E+00
.7680E+03 .8072E+00
.7690E+03 .8431E+00
.7700E+03 .8937E+00
.7710E+03 .9108E+00
.7720E+03 .9160E+00
.7730E+03 .9233E+00
.7740E+03 .9195E+00
.7750E+03 .9132E+00
.7760E+03 .9247E+00
.7770E+03 .9126E+00
.7780E+03 .9062E+00
.7790E+03 .9070E+00
.7800E+03 .9028E+00
.7810E+03 .9039E+00
.7820E+03 .9095E+00
.7830E+03 .8940E+00
.7840E+03 .8990E+00
.7850E+03 .8816E+00
.7860E+03 .8821E+00
.7870E+03 .8123E+00
.7880E+03 .7799E+00
.7890E+03 .7517E+00
.7900E+03 .7094E+00
.7910E+03 .7467E+00
.7920E+03 .7550E+00
.7930E+03 .7349E+00
.7940E+03 .8282E+00
.7950E+03 .8153E+00
.7960E+03 .7059E+00
.7970E+03 .6962E+00
.7980E+03 .7925E+00
.7990E+03 .7710E+00
.8000E+03 .7306E+00
.8010E+03 .7297E+00
.8020E+03 .7159E+00
.8030E+03 .6926E+00
.8040E+03 .7092E+00
.8050E+03 .7371E+00
.8060E+03 .7945E+00
.8070E+03 .7761E+00
.8080E+03 .7788E+00
.8090E+03 .7359E+00
.8100E+03 .6787E+00
.8110E+03 .6849E+00
.8120E+03 .5904E+00
.8130E+03 .5791E+00
.8140E+03 .4053E+00
.8150E+03 .4190E+00
.8160E+03 .3515E+00
.8170E+03 .3642E+00
.8180E+03 .3235E+00
.8190E+03 .4584E+00
.8200E+03 .4006E+00
.8210E+03 .6266E+00
.8220E+03 .5707E+00
.8230E+03 .1967E+00
.8240E+03 .4642E+00
.8250E+03 .6176E+00
.8260E+03 .5281E+00
.8270E+03 .6153E+00
.8280E+03 .3724E+00
.8290E+03 .5423E+00
.8300E+03 .5158E+00
.8310E+03 .5117E+00
.8320E+03 .4715E+00
.8330E+03 .5796E+00
.8340E+03 .5355E+00
.8350E+03 .7092E+00
.8360E+03 .5789E+00
.8370E+03 .7042E+00
.8380E+03 .6454E+00
.8390E+03 .6820E+00
.8400E+03 .7123E+00
.8410E+03 .6777E+00
.8420E+03 .7154E+00
.8430E+03 .7528E+00
.8440E+03 .7139E+00
.8450E+03 .7750E+00
.8460E+03 .7828E+00
.8470E+03 .7827E+00
.8480E+03 .7552E+00
.8490E+03 .7348E+00
.8500E+03 .7061E+00
.8510E+03 .7330E+00
.8520E+03 .7315E+00
.8530E+03 .7235E+00
.8540E+03 .6069E+00
.8550E+03 .6922E+00
.8560E+03 .7430E+00
.8570E+03 .7781E+00
.8580E+03 .7658E+00
.8590E+03 .7731E+00
.8600E+03 .7827E+00
.8610E+03 .7746E+00
.8620E+03 .7916E+00
.8630E+03 .8097E+00
.8640E+03 .7689E+00
.8650E+03 .7638E+00
.8660E+03 .6869E+00
.8670E+03 .7169E+00
.8680E+03 .7802E+00
.8690E+03 .7644E+00
.8700E+03 .7864E+00
.8710E+03 .7747E+00
.8720E+03 .7732E+00
.8730E+03 .7718E+00
.8740E+03 .7628E+00
.8750E+03 .7455E+00
.8760E+03 .7510E+00
.8770E+03 .7614E+00
.8780E+03 .7640E+00
.8790E+03 .7528E+00
.8800E+03 .7392E+00
.8810E+03 .7139E+00
.8820E+03 .7293E+00
.8830E+03 .7380E+00
.8840E+03 .7317E+00
.8850E+03 .7385E+00
.8860E+03 .6802E+00
.8870E+03 .7008E+00
.8880E+03 .6945E+00
.8890E+03 .7356E+00
.8900E+03 .6851E+00
.8910E+03 .6984E+00
.8920E+03 .6557E+00
.8930E+03 .6092E+00
.8940E+03 .5160E+00
.8950E+03 .4141E+00
.8960E+03 .3443E+00
.8970E+03 .2308E+00
.8980E+03 .2801E+00
.8990E+03 .1627E+00
.9000E+03 .3457E+00
.9010E+03 .1546E+00
.9020E+03 .2526E+00
.9030E+03 .2453E+00
.9040E+03 .4702E+00
.9050E+03 .4345E+00
.9060E+03 .3928E+00
.9070E+03 .2126E+00
.9080E+03 .2348E+00
.9090E+03 .2826E+00
.9100E+03 .1897E+00
.9110E+03 .2760E+00
.9120E+03 .2560E+00
.9130E+03 .1909E+00
.9140E+03 .1870E+00
.9150E+03 .2108E+00
.9160E+03 .1656E+00
.9170E+03 .2844E+00
.9180E+03 .1536E+00
.9190E+03 .3070E+00
.9200E+03 .3877E+00
.9210E+03 .3963E+00
.9220E+03 .3020E+00
.9230E+03 .3909E+00
.9240E+03 .2845E+00
.9250E+03 .2734E+00
.9260E+03 .2712E+00
.9270E+03 .3471E+00
.9280E+03 .1205E+00
.9290E+03 .8834E-01
.9300E+03 .3307E-01
.9310E+03 .2597E-01
.9320E+03 .7440E-02
.9330E+03 .3439E-02
.9340E+03 .1414E-03
.9350E+03 .4339E-02
.9360E+03 .9836E-03
.9370E+03 .1131E-02
.9380E+03 .1699E-02
.9390E+03 .2505E-01
.9400E+03 .4659E-01
.9410E+03 .1793E-01
.9420E+03 .2540E-01
.9430E+03 .8638E-02
.9440E+03 .1773E-01
.9450E+03 .2164E-01
.9460E+03 .2535E-02
.9470E+03 .1836E-01
.9480E+03 .1330E-01
.9490E+03 .4465E-01
.9500E+03 .1249E-02
.9510E+03 .3981E-01
.9520E+03 .9481E-02
.9530E+03 .1940E-01
.9540E+03 .3390E-01
.9550E+03 .2220E-01
.9560E+03 .5313E-01
.9570E+03 .9497E-02
.9580E+03 .8248E-01
.9590E+03 .3731E-01
.9600E+03 .4521E-01
.9610E+03 .7412E-01
.9620E+03 .7156E-01
.9630E+03 .1143E+00
.9640E+03 .9686E-01
.9650E+03 .1011E+00
.9660E+03 .9841E-01
.9670E+03 .9232E-01
.9680E+03 .3276E+00
.9690E+03 .2945E+00
.9700E+03 .2376E+00
.9710E+03 .3805E+00
.9720E+03 .3540E+00
.9730E+03 .1882E+00
.9740E+03 .2050E+00
.9750E+03 .2337E+00
.9760E+03 .1548E+00
.9770E+03 .2988E+00
.9780E+03 .2261E+00
.9790E+03 .2530E+00
.9800E+03 .2415E+00
.9810E+03 .3996E+00
.9820E+03 .3563E+00
.9830E+03 .3192E+00
.9840E+03 .4764E+00
.9850E+03 .3414E+00
.9860E+03 .5088E+00
.9870E+03 .4850E+00
.9880E+03 .5020E+00
.9890E+03 .5525E+00
.9900E+03 .4790E+00
.9910E+03 .5532E+00
.9920E+03 .5637E+00
.9930E+03 .5195E+00
.9940E+03 .5735E+00
.9950E+03 .5846E+00
.9960E+03 .5671E+00
.9970E+03 .5747E+00
.9980E+03 .5731E+00
.9990E+03 .5693E+00
.1000E+04 .5465E+00
.1001E+04 .5751E+00
.1002E+04 .4998E+00
.1003E+04 .5601E+00
.1004E+04 .5331E+00
.1005E+04 .5344E+00
.1006E+04 .5435E+00
.1007E+04 .5616E+00
.1008E+04 .5450E+00
.1009E+04 .5297E+00
.1010E+04 .5198E+00
.1011E+04 .5602E+00
.1012E+04 .5433E+00
.1013E+04 .5649E+00
.1014E+04 .5611E+00
.1015E+04 .5550E+00
.1016E+04 .5532E+00
.1017E+04 .5489E+00
.1018E+04 .5583E+00
.1019E+04 .5217E+00
.1020E+04 .5508E+00
.1021E+04 .5549E+00
.1022E+04 .5405E+00
.1023E+04 .5452E+00
.1024E+04 .5079E+00
.1025E+04 .5551E+00
.1026E+04 .5451E+00
.1027E+04 .5460E+00
.1028E+04 .5429E+00
.1029E+04 .5331E+00
.1030E+04 .5501E+00
.1031E+04 .5428E+00
.1032E+04 .5469E+00
.1033E+04 .5381E+00
.1034E+04 .5405E+00
.1035E+04 .5437E+00
.1036E+04 .5429E+00
.1037E+04 .5368E+00
.1038E+04 .5390E+00
.1039E+04 .5378E+00
.1040E+04 .5365E+00
.1041E+04 .5374E+00
.1042E+04 .5349E+00
.1043E+04 .5331E+00
.1044E+04 .5347E+00
.1045E+04 .5273E+00
.1046E+04 .5213E+00
.1047E+04 .5257E+00
.1048E+04 .5282E+00
.1049E+04 .5251E+00
.1050E+04 .5221E+00
.1051E+04 .5219E+00
.1052E+04 .5190E+00
.1053E+04 .5144E+00
.1054E+04 .5154E+00
.1055E+04 .5147E+00
.1056E+04 .5120E+00
.1057E+04 .5102E+00
.1058E+04 .4971E+00
.1059E+04 .4959E+00
.1060E+04 .4958E+00
.1061E+04 .4942E+00
.1062E+04 .4934E+00
.1063E+04 .4865E+00
.1064E+04 .4976E+00
.1065E+04 .4825E+00
.1066E+04 .4829E+00
.1067E+04 .4845E+00
.1068E+04 .4657E+00
.1069E+04 .4490E+00
.1070E+04 .4494E+00
.1071E+04 .4821E+00
.1072E+04 .4504E+00
.1073E+04 .4538E+00
.1074E+04 .4853E+00
.1075E+04 .4216E+00
.1076E+04 .4722E+00
.1077E+04 .4514E+00
.1078E+04 .4225E+00
.1079E+04 .4707E+00
.1080E+04 .4168E+00
.1081E+04 .3968E+00
.1082E+04 .4222E+00
.1083E+04 .4435E+00
.1084E+04 .3798E+00
.1085E+04 .4067E+00
.1086E+04 .3243E+00
.1087E+04 .3830E+00
.1088E+04 .4209E+00
.1089E+04 .3691E+00
.1090E+04 .3473E+00
.1091E+04 .4012E+00
.1092E+04 .4201E+00
.1093E+04 .2616E+00
.1094E+04 .3512E+00
.1095E+04 .2654E+00
.1096E+04 .2341E+00
.1097E+04 .3928E+00
.1098E+04 .2196E+00
.1099E+04 .2308E+00
.1100E+04 .1846E+00
.1101E+04 .2077E+00
.1102E+04 .1749E+00
.1103E+04 .1541E+00
.1104E+04 .1632E+00
.1105E+04 .1868E+00
.1106E+04 .8070E-01
.1107E+04 .1891E+00
.1108E+04 .1052E+00
.1109E+04 .8892E-01
.1110E+04 .1221E+00
.1111E+04 .4263E-01
.1112E+04 .8909E-01
.1113E+04 .2317E-01
.1114E+04 .2456E-01
.1115E+04 .1620E-01
.1116E+04 .4678E-02
.1117E+04 .2383E-03
.1118E+04 .5613E-02
.1119E+04 .5900E-03
.1120E+04 .4945E-03
.1121E+04 .8877E-03
.1122E+04 .2698E-04
.1123E+04 .3800E-03
.1124E+04 .3277E-03
.1125E+04 .7842E-03
.1126E+04 .3133E-05
.1127E+04 .8186E-03
.1128E+04 .6267E-04
.1129E+04 .6916E-04
.1130E+04 .1131E-03
.1131E+04 .7003E-02
.1132E+04 .3785E-02
.1133E+04 .4995E-03
.1134E+04 .2501E-05
.1135E+04 .2619E-05
.1136E+04 .1718E-03
.1137E+04 .5965E-02
.1138E+04 .2873E-02
.1139E+04 .1943E-01
.1140E+04 .8998E-02
.1141E+04 .3146E-02
.1142E+04 .5014E-02
.1143E+04 .1466E-01
.1144E+04 .1010E-02
.1145E+04 .3510E-03
.1146E+04 .3823E-03
.1147E+04 .3178E-05
.1148E+04 .1009E-01
.1149E+04 .4715E-02
.1150E+04 .2128E-02
.1151E+04 .3185E-02
.1152E+04 .7291E-02
.1153E+04 .1133E-01
.1154E+04 .9196E-03
.1155E+04 .2144E-01
.1156E+04 .1561E-01
.1157E+04 .3578E-01
.1158E+04 .3621E-01
.1159E+04 .3990E-01
.1160E+04 .3460E-01
.1161E+04 .6361E-01
.1162E+04 .6043E-01
.1163E+04 .1799E+00
.1164E+04 .1020E+00
.1165E+04 .9477E-01
.1166E+04 .1015E+00
.1167E+04 .1208E+00
.1168E+04 .1491E+00
.1169E+04 .1595E+00
.1170E+04 .2032E+00
.1171E+04 .1890E+00
.1172E+04 .2077E+00
.1173E+04 .1982E+00
.1174E+04 .8513E-01
.1175E+04 .2212E+00
.1176E+04 .2940E+00
.1177E+04 .2523E+00
.1178E+04 .1336E+00
.1179E+04 .3014E+00
.1180E+04 .1975E+00
.1181E+04 .2141E+00
.1182E+04 .8381E-01
.1183E+04 .2225E+00
.1184E+04 .1786E+00
.1185E+04 .1467E+00
.1186E+04 .2608E+00
.1187E+04 .2147E+00
.1188E+04 .7525E-01
.1189E+04 .1941E+00
.1190E+04 .2580E+00
.1191E+04 .1972E+00
.1192E+04 .2760E+00
.1193E+04 .2364E+00
.1194E+04 .2640E+00
.1195E+04 .2126E+00
.1196E+04 .1841E+00
.1197E+04 .2733E+00
.1198E+04 .2398E+00
.1199E+04 .1319E+00
.1200E+04 .2429E+00
.1201E+04 .1977E+00
.1202E+04 .2368E+00
.1203E+04 .2018E+00
.1204E+04 .1431E+00
.1205E+04 .2475E+00
.1206E+04 .3086E+00
.1207E+04 .2151E+00
.1208E+04 .2343E+00
.1209E+04 .2349E+00
.1210E+04 .2690E+00
.1211E+04 .2412E+00
.1212E+04 .1851E+00
.1213E+04 .2850E+00
.1214E+04 .2058E+00
.1215E+04 .2005E+00
.1216E+04 .2982E+00
.1217E+04 .2741E+00
.1218E+04 .2885E+00
.1219E+04 .2630E+00
.1220E+04 .2884E+00
.1221E+04 .3197E+00
.1222E+04 .2915E+00
.1223E+04 .2818E+00
.1224E+04 .2594E+00
.1225E+04 .3049E+00
.1226E+04 .3279E+00
.1227E+04 .2454E+00
.1228E+04 .3233E+00
.1229E+04 .3275E+00
.1230E+04 .3160E+00
.1231E+04 .3523E+00
.1232E+04 .3492E+00
.1233E+04 .2931E+00
.1234E+04 .3653E+00
.1235E+04 .3502E+00
.1236E+04 .3639E+00
.1237E+04 .3430E+00
.1238E+04 .3639E+00
.1239E+04 .3587E+00
.1240E+04 .3651E+00
.1241E+04 .3490E+00
.1242E+04 .3615E+00
.1243E+04 .3611E+00
.1244E+04 .3590E+00
.1245E+04 .3648E+00
.1246E+04 .3629E+00
.1247E+04 .3585E+00
.1248E+04 .3503E+00
.1249E+04 .3610E+00
.1250E+04 .3573E+00
.1251E+04 .3514E+00
.1252E+04 .3515E+00
.1253E+04 .3472E+00
.1254E+04 .3321E+00
.1255E+04 .3478E+00
.1256E+04 .3340E+00
.1257E+04 .3323E+00
.1258E+04 .3378E+00
.1259E+04 .3209E+00
.1260E+04 .3190E+00
.1261E+04 .2890E+00
.1262E+04 .2784E+00
.1263E+04 .2729E+00
.1264E+04 .2382E+00
.1265E+04 .2757E+00
.1266E+04 .2589E+00
.1267E+04 .2611E+00
.1268E+04 .2427E+00
.1269E+04 .1033E+00
.1270E+04 .2639E+00
.1271E+04 .2892E+00
.1272E+04 .2866E+00
.1273E+04 .2844E+00
.1274E+04 .2813E+00
.1275E+04 .2981E+00
.1276E+04 .2968E+00
.1277E+04 .2885E+00
.1278E+04 .3198E+00
.1279E+04 .3056E+00
.1280E+04 .2863E+00
.1281E+04 .2834E+00
.1282E+04 .2890E+00
.1283E+04 .3066E+00
.1284E+04 .2934E+00
.1285E+04 .3068E+00
.1286E+04 .3132E+00
.1287E+04 .2830E+00
.1288E+04 .2878E+00
.1289E+04 .2563E+00
.1290E+04 .2810E+00
.1291E+04 .2978E+00
.1292E+04 .2287E+00
.1293E+04 .2658E+00
.1294E+04 .2542E+00
.1295E+04 .2550E+00
.1296E+04 .2159E+00
.1297E+04 .1815E+00
.1298E+04 .2407E+00
.1299E+04 .2841E+00
.1300E+04 .1664E+00
.1301E+04 .1537E+00
.1302E+04 .2464E+00
.1303E+04 .1490E+00
.1304E+04 .8982E-01
.1305E+04 .2179E+00
.1306E+04 .1970E+00
.1307E+04 .9181E-01
.1308E+04 .1715E+00
.1309E+04 .1976E+00
.1310E+04 .8850E-01
.1311E+04 .1451E+00
.1312E+04 .1488E+00
.1313E+04 .1057E+00
.1314E+04 .7811E-01
.1315E+04 .6206E-01
.1316E+04 .1206E+00
.1317E+04 .1150E+00
.1318E+04 .1492E+00
.1319E+04 .5173E-01
.1320E+04 .6325E-01
.1321E+04 .9276E-01
.1322E+04 .7328E-01
.1323E+04 .3011E-01
.1324E+04 .5316E-01
.1325E+04 .1081E+00
.1326E+04 .6839E-01
.1327E+04 .5828E-01
.1328E+04 .3784E-01
.1329E+04 .1060E-01
.1330E+04 .2147E-01
.1331E+04 .4008E-02
.1332E+04 .4381E-02
.1333E+04 .8478E-02
.1334E+04 .1784E-01
.1335E+04 .2291E-01
.1336E+04 .1033E-01
.1337E+04 .1004E-01
.1338E+04 .9912E-02
.1339E+04 .9537E-02
.1340E+04 .1215E-01
.1341E+04 .4697E-02
.1342E+04 .4254E-02
.1343E+04 .8352E-03
.1344E+04 .5502E-03
.1345E+04 .3374E-03
.1346E+04 .1047E-04
.1347E+04 .3972E-05
.1348E+04 .4220E-08
.1349E+04 .1496E-07
.1350E+04 .1224E-07
.1351E+04 .1560E-09
.1352E+04 .1182E-12
.1353E+04 .1193E-14
.1354E+04 .6695E-13
.1355E+04 .2231E-18
.1356E+04 .8882E-15
.1357E+04 .9449E-15
.1358E+04 .3822E-18
.1359E+04 .1934E-22
.1360E+04 .1203E-19
.1361E+04 .1868E-28
.1362E+04 .4117E-32
.1363E+04 .1905E-22
.1364E+04 .3132E-21
.1365E+04 .6703E-37
.1366E+04 .5769E-21
.1367E+04 .4107E-19
.1368E+04 .0000E+00
.1369E+04 .2659E-21
.1370E+04 .3788E-23
.1371E+04 .3473E-25
.1372E+04 .5261E-19
.1373E+04 .2423E-16
.1374E+04 .1946E-14
.1375E+04 .2782E-15
.1376E+04 .8294E-13
.1377E+04 .3280E-13
.1378E+04 .5418E-13
.1379E+04 .2538E-13
.1380E+04 .1639E-14
.1381E+04 .8350E-16
.1382E+04 .1386E-19
.1383E+04 .3232E-21
.1384E+04 .3927E-22
.1385E+04 .1289E-17
.1386E+04 .5732E-21
.1387E+04 .1531E-16
.1388E+04 .1136E-15
.1389E+04 .1207E-13
.1390E+04 .2916E-14
.1391E+04 .4987E-14
.1392E+04 .1839E-14
.1393E+04 .2097E-13
.1394E+04 .7571E-17
.1395E+04 .8853E-19
.1396E+04 .2910E-27
.1397E+04 .3722E-14
.1398E+04 .2303E-13
.1399E+04 .2720E-13
.1400E+04 .1080E-29
.1401E+04 .1933E-26
.1402E+04 .7007E-10
.1403E+04 .1591E-10
.1404E+04 .1282E-11
.1405E+04 .3636E-20
.1406E+04 .2890E-12
.1407E+04 .6833E-11
.1408E+04 .4596E-12
.1409E+04 .8437E-14
.1410E+04 .6794E-12
.1411E+04 .2078E-10
.1412E+04 .1293E-09
.1413E+04 .6226E-08
.1414E+04 .1033E-11
.1415E+04 .2027E-12
.1416E+04 .9199E-06
.1417E+04 .9400E-07
.1418E+04 .2883E-08
.1419E+04 .3341E-09
.1420E+04 .1746E-08
.1421E+04 .2036E-07
.1422E+04 .1969E-05
.1423E+04 .2185E-06
.1424E+04 .6164E-05
.1425E+04 .1069E-05
.1426E+04 .1283E-04
.1427E+04 .1534E-04
.1428E+04 .1420E-08
.1429E+04 .2623E-05
.1430E+04 .7811E-04
.1431E+04 .4726E-04
.1432E+04 .6493E-09
.1433E+04 .1608E-04
.1434E+04 .5262E-05
.1435E+04 .5159E-06
.1436E+04 .1133E-04
.1437E+04 .4914E-05
.1438E+04 .2144E-05
.1439E+04 .1672E-04
.1440E+04 .3563E-04
.1441E+04 .4029E-05
.1442E+04 .5640E-06
.1443E+04 .6153E-05
.1444E+04 .7403E-04
.1445E+04 .1374E-04
.1446E+04 .3759E-06
.1447E+04 .9471E-05
.1448E+04 .6233E-03
.1449E+04 .4947E-03
.1450E+04 .2057E-04
.1451E+04 .5025E-05
.1452E+04 .6174E-04
.1453E+04 .1330E-03
.1454E+04 .2338E-02
.1455E+04 .2191E-03
.1456E+04 .2975E-03
.1457E+04 .1010E-02
.1458E+04 .4012E-02
.1459E+04 .5481E-02
.1460E+04 .1149E-02
.1461E+04 .2691E-03
.1462E+04 .2327E-02
.1463E+04 .1781E-03
.1464E+04 .4691E-02
.1465E+04 .1997E-02
.1466E+04 .7938E-04
.1467E+04 .2327E-04
.1468E+04 .1792E-03
.1469E+04 .5950E-03
.1470E+04 .3494E-05
.1471E+04 .1847E-04
.1472E+04 .2817E-05
.1473E+04 .7218E-04
.1474E+04 .1302E-02
.1475E+04 .8357E-02
.1476E+04 .3172E-03
.1477E+04 .1376E-03
.1478E+04 .6170E-03
.1479E+04 .2482E-02
.1480E+04 .1282E-03
.1481E+04 .1302E-02
.1482E+04 .4380E-03
.1483E+04 .5052E-02
.1484E+04 .7373E-02
.1485E+04 .5373E-02
.1486E+04 .2169E-02
.1487E+04 .2204E-03
.1488E+04 .2641E-02
.1489E+04 .1321E-01
.1490E+04 .2454E-01
.1491E+04 .3040E-01
.1492E+04 .9298E-02
.1493E+04 .2370E-01
.1494E+04 .4640E-01
.1495E+04 .2911E-01
.1496E+04 .2169E-01
.1497E+04 .8024E-01
.1498E+04 .3819E-01
.1499E+04 .5024E-01
.1500E+04 .1073E+00
.1501E+04 .1158E+00
.1502E+04 .8155E-01
.1503E+04 .3944E-01
.1504E+04 .2148E-01
.1505E+04 .5065E-01
.1506E+04 .1325E+00
.1507E+04 .1222E+00
.1508E+04 .1040E+00
.1509E+04 .5030E-01
.1510E+04 .1524E+00
.1511E+04 .1271E+00
.1512E+04 .1510E+00
.1513E+04 .1020E+00
.1514E+04 .8021E-01
.1515E+04 .1629E+00
.1516E+04 .1458E+00
.1517E+04 .1158E+00
.1518E+04 .1314E+00
.1519E+04 .1076E+00
.1520E+04 .1397E+00
.1521E+04 .1961E+00
.1522E+04 .1618E+00
.1523E+04 .2045E+00
.1524E+04 .1863E+00
.1525E+04 .1460E+00
.1526E+04 .1423E+00
.1527E+04 .1600E+00
.1528E+04 .1935E+00
.1529E+04 .1854E+00
.1530E+04 .1545E+00
.1531E+04 .1765E+00
.1532E+04 .2067E+00
.1533E+04 .2130E+00
.1534E+04 .1961E+00
.1535E+04 .1773E+00
.1536E+04 .1992E+00
.1537E+04 .1840E+00
.1538E+04 .2121E+00
.1539E+04 .1951E+00
.1540E+04 .2084E+00
.1541E+04 .2061E+00
.1542E+04 .1861E+00
.1543E+04 .2082E+00
.1544E+04 .1911E+00
.1545E+04 .2191E+00
.1546E+04 .2039E+00
.1547E+04 .2104E+00
.1548E+04 .2107E+00
.1549E+04 .2202E+00
.1550E+04 .2147E+00
.1551E+04 .2135E+00
.1552E+04 .1991E+00
.1553E+04 .2140E+00
.1554E+04 .2088E+00
.1555E+04 .2134E+00
.1556E+04 .2117E+00
.1557E+04 .2157E+00
.1558E+04 .2150E+00
.1559E+04 .2128E+00
.1560E+04 .2128E+00
.1561E+04 .2152E+00
.1562E+04 .2067E+00
.1563E+04 .2071E+00
.1564E+04 .2073E+00
.1565E+04 .2136E+00
.1566E+04 .2061E+00
.1567E+04 .2086E+00
.1568E+04 .1996E+00
.1569E+04 .1947E+00
.1570E+04 .1762E+00
.1571E+04 .1567E+00
.1572E+04 .1599E+00
.1573E+04 .1584E+00
.1574E+04 .1669E+00
.1575E+04 .1877E+00
.1576E+04 .1744E+00
.1577E+04 .1573E+00
.1578E+04 .1673E+00
.1579E+04 .1619E+00
.1580E+04 .1767E+00
.1581E+04 .1790E+00
.1582E+04 .1804E+00
.1583E+04 .1792E+00
.1584E+04 .1960E+00
.1585E+04 .2007E+00
.1586E+04 .1959E+00
.1587E+04 .1901E+00
.1588E+04 .1954E+00
.1589E+04 .1899E+00
.1590E+04 .1899E+00
.1591E+04 .1964E+00
.1592E+04 .1951E+00
.1593E+04 .2060E+00
.1594E+04 .2000E+00
.1595E+04 .2016E+00
.1596E+04 .1931E+00
.1597E+04 .1906E+00
.1598E+04 .1987E+00
.1599E+04 .1857E+00
.1600E+04 .1742E+00
.1601E+04 .1571E+00
.1602E+04 .1513E+00
.1603E+04 .1553E+00
.1604E+04 .1598E+00
.1605E+04 .1798E+00
.1606E+04 .1850E+00
.1607E+04 .1750E+00
.1608E+04 .1588E+00
.1609E+04 .1545E+00
.1610E+04 .1592E+00
.1611E+04 .1648E+00
.1612E+04 .1748E+00
.1613E+04 .1762E+00
.1614E+04 .1840E+00
.1615E+04 .1840E+00
.1616E+04 .1826E+00
.1617E+04 .1843E+00
.1618E+04 .1932E+00
.1619E+04 .1843E+00
.1620E+04 .1877E+00
.1621E+04 .1903E+00
.1622E+04 .1931E+00
.1623E+04 .1963E+00
.1624E+04 .1937E+00
.1625E+04 .1897E+00
.1626E+04 .1934E+00
.1627E+04 .1954E+00
.1628E+04 .1939E+00
.1629E+04 .1928E+00
.1630E+04 .1912E+00
.1631E+04 .1887E+00
.1632E+04 .1840E+00
.1633E+04 .1771E+00
.1634E+04 .1879E+00
.1635E+04 .1777E+00
.1636E+04 .1826E+00
.1637E+04 .1791E+00
.1638E+04 .1642E+00
.1639E+04 .1713E+00
.1640E+04 .1524E+00
.1641E+04 .1695E+00
.1642E+04 .1699E+00
.1643E+04 .1546E+00
.1644E+04 .1752E+00
.1645E+04 .1612E+00
.1646E+04 .1515E+00
.1647E+04 .1783E+00
.1648E+04 .1550E+00
.1649E+04 .1668E+00
.1650E+04 .1698E+00
.1651E+04 .1494E+00
.1652E+04 .1628E+00
.1653E+04 .1683E+00
.1654E+04 .1566E+00
.1655E+04 .1717E+00
.1656E+04 .1610E+00
.1657E+04 .1655E+00
.1658E+04 .1728E+00
.1659E+04 .1755E+00
.1660E+04 .1759E+00
.1661E+04 .1697E+00
.1662E+04 .1494E+00
.1663E+04 .1741E+00
.1664E+04 .1685E+00
.1665E+04 .1555E+00
.1666E+04 .9768E-01
.1667E+04 .1553E+00
.1668E+04 .1702E+00
.1669E+04 .1527E+00
.1670E+04 .1711E+00
.1671E+04 .1627E+00
.1672E+04 .1607E+00
.1673E+04 .1683E+00
.1674E+04 .1587E+00
.1675E+04 .1579E+00
.1676E+04 .1531E+00
.1677E+04 .1560E+00
.1678E+04 .1435E+00
.1679E+04 .1626E+00
.1680E+04 .1516E+00
.1681E+04 .1489E+00
.1682E+04 .1620E+00
.1683E+04 .1628E+00
.1684E+04 .1304E+00
.1685E+04 .1675E+00
.1686E+04 .1636E+00
.1687E+04 .1437E+00
.1688E+04 .1640E+00
.1689E+04 .1584E+00
.1690E+04 .1510E+00
.1691E+04 .1166E+00
.1692E+04 .1448E+00
.1693E+04 .1674E+00
.1694E+04 .1417E+00
.1695E+04 .1636E+00
.1696E+04 .1622E+00
.1697E+04 .8932E-01
.1698E+04 .1597E+00
.1699E+04 .1517E+00
.1700E+04 .1383E+00
.1702E+04 .1581E+00
.1705E+04 .1364E+00
.1710E+04 .1292E+00
.1715E+04 .1215E+00
.1720E+04 .1279E+00
.1725E+04 .1066E+00
.1730E+04 .1011E+00
.1735E+04 .9187E-01
.1740E+04 .8804E-01
.1745E+04 .7967E-01
.1750E+04 .8499E-01
.1755E+04 .6751E-01
.1760E+04 .7641E-01
.1765E+04 .4302E-01
.1770E+04 .3689E-01
.1775E+04 .1922E-01
.1780E+04 .1293E-01
.1785E+04 .4473E-02
.1790E+04 .6525E-02
.1795E+04 .8149E-04
.1800E+04 .1444E-03
.1805E+04 .6104E-07
.1810E+04 .4172E-06
.1815E+04 .3899E-10
.1820E+04 .5213E-12
.1825E+04 .9477E-12
.1830E+04 .1468E-17
.1835E+04 .8826E-19
.1840E+04 .3670E-21
.1845E+04 .1023E-21
.1850E+04 .1521E-22
.1855E+04 .1228E-20
.1860E+04 .1011E-15
.1865E+04 .6828E-17
.1870E+04 .6509E-30
.1875E+04 .2394E-29
.1880E+04 .1682E-14
.1885E+04 .4299E-15
.1890E+04 .3541E-15
.1895E+04 .4827E-14
.1900E+04 .2498E-19
.1905E+04 .8553E-19
.1910E+04 .9812E-17
.1915E+04 .6773E-15
.1920E+04 .7974E-14
.1925E+04 .5016E-12
.1930E+04 .3514E-11
.1935E+04 .2242E-08
.1940E+04 .2345E-06
.1945E+04 .4942E-06
.1950E+04 .3238E-04
.1955E+04 .9341E-06
.1960E+04 .8857E-04
.1965E+04 .7343E-03
.1970E+04 .4156E-02
.1975E+04 .7944E-02
.1980E+04 .1501E-01
.1985E+04 .2266E-01
.1990E+04 .2081E-01
.1995E+04 .2321E-01
.2000E+04 .4075E-02
.2005E+04 .3255E-03
.2010E+04 .5651E-02
.2015E+04 .1715E-02
.2020E+04 .7103E-02
.2025E+04 .2545E-01
.2030E+04 .3501E-01
.2035E+04 .5665E-01
.2040E+04 .4812E-01
.2045E+04 .4874E-01
.2050E+04 .2519E-01
.2055E+04 .1509E-01
.2060E+04 .2602E-01
.2065E+04 .2083E-01
.2070E+04 .2335E-01
.2075E+04 .3853E-01
.2080E+04 .5235E-01
.2085E+04 .5091E-01
.2090E+04 .5954E-01
.2095E+04 .6100E-01
.2100E+04 .5234E-01
.2105E+04 .6901E-01
.2110E+04 .6296E-01
.2115E+04 .6737E-01
.2120E+04 .5834E-01
.2125E+04 .6383E-01
.2130E+04 .6728E-01
.2135E+04 .6821E-01
.2140E+04 .7127E-01
.2145E+04 .7063E-01
.2150E+04 .5498E-01
.2155E+04 .5692E-01
.2160E+04 .5632E-01
.2165E+04 .5047E-01
.2170E+04 .5903E-01
.2175E+04 .5124E-01
.2180E+04 .5865E-01
.2185E+04 .4034E-01
.2190E+04 .5393E-01
.2195E+04 .5182E-01
.2200E+04 .4093E-01
.2205E+04 .4669E-01
.2210E+04 .5740E-01
.2215E+04 .5269E-01
.2220E+04 .5680E-01
.2225E+04 .5262E-01
.2230E+04 .5735E-01
.2235E+04 .5361E-01
.2240E+04 .5448E-01
.2245E+04 .4936E-01
.2250E+04 .5347E-01
.2255E+04 .4689E-01
.2260E+04 .4552E-01
.2265E+04 .4863E-01
.2270E+04 .4297E-01
.2275E+04 .4186E-01
.2280E+04 .4644E-01
.2285E+04 .4081E-01
.2290E+04 .4076E-01
.2295E+04 .3917E-01
.2300E+04 .3266E-01
.2305E+04 .3288E-01
.2310E+04 .3768E-01
.2315E+04 .3054E-01
.2320E+04 .2239E-01
.2325E+04 .2577E-01
.2330E+04 .2352E-01
.2335E+04 .2898E-01
.2340E+04 .1267E-01
.2345E+04 .1957E-01
.2350E+04 .1252E-01
.2355E+04 .1503E-01
.2360E+04 .1781E-01
.2365E+04 .1778E-01
.2370E+04 .4279E-02
.2375E+04 .1279E-01
.2380E+04 .7886E-02
.2385E+04 .3417E-02
.2390E+04 .6251E-02
.2395E+04 .9076E-02
.2400E+04 .9730E-02
.2405E+04 .4503E-02
.2410E+04 .3850E-02
.2415E+04 .1207E-02
.2420E+04 .1340E-02
.2425E+04 .2539E-02
.2430E+04 .5993E-02
.2435E+04 .1670E-03
.2440E+04 .3653E-02
.2445E+04 .4543E-03
.2450E+04 .9310E-04
.2455E+04 .6841E-03
.2460E+04 .1387E-02
.2465E+04 .3153E-03
.2470E+04 .2479E-04
.2475E+04 .3732E-04
.2480E+04 .2296E-05
.2485E+04 .4641E-07
.2490E+04 .1039E-08
.2495E+04 .1087E-08
.2500E+04 .5074E-07
.2505E+04 .6317E-08
.2510E+04 .8395E-08
.2515E+04 .3368E-10
.2520E+04 .1043E-13
.2525E+04 .5912E-17
.2530E+04 .6952E-23
.2535E+04 .3312E-27
.2540E+04 .1411E-25
.2545E+04 .1725E-31
.2550E+04 .0000E+00
.2555E+04 .1420E-31
.2560E+04 .1181E-30
.2565E+04 .3817E-41
.2570E+04 .0000E+00
.2575E+04 .0000E+00
.2580E+04 .0000E+00
.2585E+04 .0000E+00
.2590E+04 .0000E+00
.2595E+04 .0000E+00
.2600E+04 .0000E+00
.2605E+04 .0000E+00
.2610E+04 .0000E+00
.2615E+04 .0000E+00
.2620E+04 .0000E+00
.2625E+04 .0000E+00
.2630E+04 .0000E+00
.2635E+04 .0000E+00
.2640E+04 .0000E+00
.2645E+04 .0000E+00
.2650E+04 .0000E+00
.2655E+04 .0000E+00
.2660E+04 .0000E+00
.2665E+04 .0000E+00
.2670E+04 .0000E+00
.2675E+04 .0000E+00
.2680E+04 .0000E+00
.2685E+04 .0000E+00
.2690E+04 .0000E+00
.2695E+04 .0000E+00
.2700E+04 .0000E+00
.2705E+04 .0000E+00
.2710E+04 .0000E+00
.2715E+04 .0000E+00
.2720E+04 .0000E+00
.2725E+04 .0000E+00
.2730E+04 .0000E+00
.2735E+04 .0000E+00
.2740E+04 .0000E+00
.2745E+04 .0000E+00
.2750E+04 .0000E+00
.2755E+04 .0000E+00
.2760E+04 .0000E+00
.2765E+04 .0000E+00
.2770E+04 .0000E+00
.2775E+04 .0000E+00
.2780E+04 .0000E+00
.2785E+04 .0000E+00
.2790E+04 .1240E-41
.2795E+04 .0000E+00
.2800E+04 .8856E-13
.2805E+04 .1548E-32
.2810E+04 .2795E-30
.2815E+04 .3156E-30
.2820E+04 .7949E-31
.2825E+04 .3556E-22
.2830E+04 .5367E-19
.2835E+04 .3226E-31
.2840E+04 .1999E-15
.2845E+04 .5559E-16
.2850E+04 .1124E-21
.2855E+04 .4939E-20
.2860E+04 .9211E-14
.2865E+04 .8931E-14
.2870E+04 .2666E-15
.2875E+04 .1601E-12
.2880E+04 .4854E-11
.2885E+04 .3567E-12
.2890E+04 .9748E-11
.2895E+04 .1238E-07
.2900E+04 .9924E-10
.2905E+04 .3437E-12
.2910E+04 .2189E-07
.2915E+04 .6489E-08
.2920E+04 .2069E-07
.2925E+04 .1035E-06
.2930E+04 .1299E-05
.2935E+04 .2106E-05
.2940E+04 .3339E-07
.2945E+04 .5432E-09
.2950E+04 .7448E-06
.2955E+04 .4546E-06
.2960E+04 .3496E-05
.2965E+04 .2643E-04
.2970E+04 .2043E-09
.2975E+04 .3794E-07
.2980E+04 .9988E-07
.2985E+04 .2187E-04
.2990E+04 .1644E-03
.2995E+04 .2993E-05
.3000E+04 .3472E-04
.3005E+04 .2503E-05
.3010E+04 .4431E-04
.3015E+04 .9864E-05
.3020E+04 .8253E-11
.3025E+04 .2448E-04
.3030E+04 .1785E-04
.3035E+04 .1799E-06
.3040E+04 .1273E-05
.3045E+04 .1393E-05
.3050E+04 .7402E-07
.3055E+04 .7935E-09
.3060E+04 .1655E-04
.3065E+04 .1554E-05
.3070E+04 .9013E-07
.3075E+04 .1396E-04
.3080E+04 .1642E-05
.3085E+04 .2942E-07
.3090E+04 .2404E-06
.3095E+04 .3394E-08
.3100E+04 .4472E-05
.3105E+04 .2983E-06
.3110E+04 .5026E-10
.3115E+04 .3542E-07
.3120E+04 .8644E-04
.3125E+04 .1968E-04
.3130E+04 .4389E-04
.3135E+04 .1907E-03
.3140E+04 .4743E-05
.3145E+04 .4523E-05
.3150E+04 .7271E-04
.3155E+04 .5587E-04
.3160E+04 .3058E-03
.3165E+04 .1418E-02
.3170E+04 .9274E-03
.3175E+04 .3851E-03
.3180E+04 .5139E-03
.3185E+04 .1135E-03
.3190E+04 .2492E-04
.3195E+04 .4263E-06
.3200E+04 .1232E-10
.3205E+04 .9791E-12
.3210E+04 .2762E-10
.3215E+04 .7447E-09
.3220E+04 .2863E-07
.3225E+04 .3804E-08
.3230E+04 .9149E-08
.3235E+04 .3934E-04
.3240E+04 .4632E-05
.3245E+04 .6152E-06
.3250E+04 .8083E-05
.3255E+04 .1443E-03
.3260E+04 .2735E-05
.3265E+04 .1562E-06
.3270E+04 .3202E-07
.3275E+04 .2219E-04
.3280E+04 .6442E-05
.3285E+04 .3111E-03
.3290E+04 .1601E-03
.3295E+04 .1591E-05
.3300E+04 .6427E-06
.3305E+04 .4112E-05
.3310E+04 .2594E-04
.3315E+04 .4937E-10
.3320E+04 .1514E-09
.3325E+04 .1421E-04
.3330E+04 .1557E-03
.3335E+04 .4895E-03
.3340E+04 .5842E-04
.3345E+04 .3086E-04
.3350E+04 .3020E-03
.3355E+04 .3922E-04
.3360E+04 .8818E-04
.3365E+04 .5054E-03
.3370E+04 .6017E-04
.3375E+04 .8578E-03
.3380E+04 .3895E-03
.3385E+04 .8695E-03
.3390E+04 .2210E-02
.3395E+04 .2167E-02
.3400E+04 .3988E-02
.3405E+04 .2672E-03
.3410E+04 .9669E-03
.3415E+04 .1551E-02
.3420E+04 .5587E-02
.3425E+04 .3162E-02
.3430E+04 .2561E-02
.3435E+04 .4067E-02
.3440E+04 .1666E-02
.3445E+04 .4020E-02
.3450E+04 .5018E-02
.3455E+04 .2050E-02
.3460E+04 .5762E-02
.3465E+04 .3578E-02
.3470E+04 .5971E-02
.3475E+04 .3953E-02
.3480E+04 .5023E-02
.3485E+04 .5996E-02
.3490E+04 .3405E-02
.3495E+04 .6217E-02
.3500E+04 .5345E-02
.3505E+04 .5772E-02
.3510E+04 .5193E-02
.3515E+04 .3902E-02
.3520E+04 .5427E-02
.3525E+04 .5291E-02
.3530E+04 .4454E-02
.3535E+04 .2809E-02
.3540E+04 .2541E-02
.3545E+04 .2574E-02
.3550E+04 .4147E-02
.3555E+04 .1984E-02
.3560E+04 .4843E-02
.3565E+04 .5293E-02
.3570E+04 .1815E-02
.3575E+04 .2058E-02
.3580E+04 .4886E-02
.3585E+04 .2612E-02
.3590E+04 .2966E-02
.3595E+04 .4022E-02
.3600E+04 .4672E-02
.3605E+04 .5266E-02
.3610E+04 .3191E-02
.3615E+04 .3635E-02
.3620E+04 .7158E-02
.3625E+04 .4706E-02
.3630E+04 .4322E-02
.3635E+04 .4347E-02
.3640E+04 .6950E-02
.3645E+04 .5650E-02
.3650E+04 .5022E-02
.3655E+04 .5640E-02
.3660E+04 .5998E-02
.3665E+04 .4675E-02
.3670E+04 .2049E-02
.3675E+04 .2172E-03
.3680E+04 .1434E-02
.3685E+04 .3262E-02
.3690E+04 .3353E-02
.3695E+04 .4572E-02
.3700E+04 .6619E-02
.3705E+04 .6482E-02
.3710E+04 .4261E-02
.3715E+04 .4288E-02
.3720E+04 .5553E-02
.3725E+04 .6905E-02
.3730E+04 .4528E-02
.3735E+04 .2720E-02
.3740E+04 .3758E-02
.3745E+04 .6216E-02
.3750E+04 .4753E-02
.3755E+04 .3900E-02
.3760E+04 .3122E-02
.3765E+04 .3485E-02
.3770E+04 .4369E-02
.3775E+04 .4250E-02
.3780E+04 .5273E-02
.3785E+04 .3777E-02
.3790E+04 .2540E-02
.3795E+04 .4599E-02
.3800E+04 .6714E-02
.3805E+04 .5256E-02
.3810E+04 .2958E-02
.3815E+04 .2792E-02
.3820E+04 .6478E-02
.3825E+04 .6311E-02
.3830E+04 .6079E-02
.3835E+04 .2380E-02
.3840E+04 .5203E-02
.3845E+04 .5147E-02
.3850E+04 .5365E-02
.3855E+04 .4416E-02
.3860E+04 .3488E-02
.3865E+04 .4563E-02
.3870E+04 .3589E-02
.3875E+04 .2842E-02
.3880E+04 .2809E-02
.3885E+04 .3261E-02
.3890E+04 .3039E-02
.3895E+04 .4283E-02
.3900E+04 .3832E-02
.3905E+04 .4706E-02
.3910E+04 .3881E-02
.3915E+04 .3616E-02
.3920E+04 .3511E-02
.3925E+04 .3139E-02
.3930E+04 .3832E-02
.3935E+04 .4435E-02
.3940E+04 .4414E-02
.3945E+04 .4360E-02
.3950E+04 .4516E-02
.3955E+04 .4986E-02
.3960E+04 .4949E-02
.3965E+04 .5071E-02
.3970E+04 .4809E-02
.3975E+04 .4577E-02
.3980E+04 .4600E-02
.3985E+04 .4684E-02
.3990E+04 .4601E-02
.3995E+04 .4469E-02
.4000E+04 .4267E-02
