Wvlgth Global_tilted_irradiance
.2800E+03 .1453E-23
.2810E+03 .4070E-21
.2820E+03 .1208E-18
.2830E+03 .3558E-18
.2840E+03 .7955E-17
.2850E+03 .4466E-16
.2860E+03 .1450E-14
.2870E+03 .1434E-13
.2880E+03 .2846E-12
.2890E+03 .2031E-11
.2900E+03 .1899E-10
.2910E+03 .8568E-10
.2920E+03 .5796E-09
.2930E+03 .1960E-08
.2940E+03 .6182E-08
.2950E+03 .1897E-07
.2960E+03 .4245E-07
.2970E+03 .1248E-06
.2980E+03 .3428E-06
.2990E+03 .1216E-05
.3000E+03 .1325E-05
.3010E+03 .5561E-05
.3020E+03 .4846E-05
.3030E+03 .2503E-04
.3040E+03 .2378E-04
.3050E+03 .7506E-04
.3060E+03 .8836E-04
.3070E+03 .1923E-03
.3080E+03 .3392E-03
.3090E+03 .3579E-03
.3100E+03 .7600E-03
.3110E+03 .1612E-02
.3120E+03 .2166E-02
.3130E+03 .3080E-02
.3140E+03 .4622E-02
.3150E+03 .6365E-02
.3160E+03 .5153E-02
.3170E+03 .1033E-01
.3180E+03 .8662E-02
.3190E+03 .1723E-01
.3200E+03 .1446E-01
.3210E+03 .2201E-01
.3220E+03 .2014E-01
.3230E+03 .1915E-01
.3240E+03 .3295E-01
.3250E+03 .2478E-01
.3260E+03 .4516E-01
.3270E+03 .4729E-01
.3280E+03 .3642E-01
.3290E+03 .5403E-01
.3300E+03 .6115E-01
.3310E+03 .4689E-01
.3320E+03 .5709E-01
.3330E+03 .5327E-01
.3340E+03 .4992E-01
.3350E+03 .5660E-01
.3360E+03 .4781E-01
.3370E+03 .4295E-01
.3380E+03 .5481E-01
.3390E+03 .5902E-01
.3400E+03 .6761E-01
.3410E+03 .5867E-01
.3420E+03 .6525E-01
.3430E+03 .7182E-01
.3440E+03 .4707E-01
.3450E+03 .6341E-01
.3460E+03 .5410E-01
.3470E+03 .6452E-01
.3480E+03 .5825E-01
.3490E+03 .5405E-01
.3500E+03 .7160E-01
.3510E+03 .6276E-01
.3520E+03 .6800E-01
.3530E+03 .6959E-01
.3540E+03 .6699E-01
.3550E+03 .6739E-01
.3560E+03 .7040E-01
.3570E+03 .4430E-01
.3580E+03 .4483E-01
.3590E+03 .5779E-01
.3600E+03 .7852E-01
.3610E+03 .5239E-01
.3620E+03 .5435E-01
.3630E+03 .6644E-01
.3640E+03 .7674E-01
.3650E+03 .5981E-01
.3660E+03 .8207E-01
.3670E+03 .7821E-01
.3680E+03 .6779E-01
.3690E+03 .7693E-01
.3700E+03 .8765E-01
.3710E+03 .7637E-01
.3720E+03 .5601E-01
.3730E+03 .7248E-01
.3740E+03 .7010E-01
.3750E+03 .5763E-01
.3760E+03 .6367E-01
.3770E+03 .7301E-01
.3780E+03 .1012E+00
.3790E+03 .7674E-01
.3800E+03 .6475E-01
.3810E+03 .8292E-01
.3820E+03 .5969E-01
.3830E+03 .4935E-01
.3840E+03 .4940E-01
.3850E+03 .7088E-01
.3860E+03 .5934E-01
.3870E+03 .6568E-01
.3880E+03 .6669E-01
.3890E+03 .7025E-01
.3900E+03 .8667E-01
.3910E+03 .9547E-01
.3920E+03 .7575E-01
.3930E+03 .4206E-01
.3940E+03 .6424E-01
.3950E+03 .9746E-01
.3960E+03 .7922E-01
.3970E+03 .3935E-01
.3980E+03 .9827E-01
.3990E+03 .1210E+00
.4000E+03 .1107E+00
.4010E+03 .1135E+00
.4020E+03 .1332E+00
.4030E+03 .1379E+00
.4040E+03 .1245E+00
.4050E+03 .1173E+00
.4060E+03 .1294E+00
.4070E+03 .1438E+00
.4080E+03 .1218E+00
.4090E+03 .1268E+00
.4100E+03 .1130E+00
.4110E+03 .1271E+00
.4120E+03 .1560E+00
.4130E+03 .1200E+00
.4140E+03 .1305E+00
.4150E+03 .1437E+00
.4160E+03 .1707E+00
.4170E+03 .1590E+00
.4180E+03 .1470E+00
.4190E+03 .1470E+00
.4200E+03 .1386E+00
.4210E+03 .1476E+00
.4220E+03 .1373E+00
.4230E+03 .1386E+00
.4240E+03 .1377E+00
.4250E+03 .1496E+00
.4260E+03 .1806E+00
.4270E+03 .1622E+00
.4280E+03 .1377E+00
.4290E+03 .1590E+00
.4300E+03 .1435E+00
.4310E+03 .1142E+00
.4320E+03 .1772E+00
.4330E+03 .1826E+00
.4340E+03 .1484E+00
.4350E+03 .1308E+00
.4360E+03 .1724E+00
.4370E+03 .2105E+00
.4380E+03 .2170E+00
.4390E+03 .1425E+00
.4400E+03 .1712E+00
.4410E+03 .2368E+00
.4420E+03 .2768E+00
.4430E+03 .2438E+00
.4440E+03 .2222E+00
.4450E+03 .1716E+00
.4460E+03 .2150E+00
.4470E+03 .2495E+00
.4480E+03 .1626E+00
.4490E+03 .2314E+00
.4500E+03 .2744E+00
.4510E+03 .2763E+00
.4520E+03 .2629E+00
.4530E+03 .2481E+00
.4540E+03 .2958E+00
.4550E+03 .2666E+00
.4560E+03 .2943E+00
.4570E+03 .3174E+00
.4580E+03 .2482E+00
.4590E+03 .2861E+00
.4600E+03 .2692E+00
.4610E+03 .2798E+00
.4620E+03 .3252E+00
.4630E+03 .2392E+00
.4640E+03 .2708E+00
.4650E+03 .3235E+00
.4660E+03 .3766E+00
.4670E+03 .2892E+00
.4680E+03 .3109E+00
.4690E+03 .3522E+00
.4700E+03 .3489E+00
.4710E+03 .3584E+00
.4720E+03 .3613E+00
.4730E+03 .3492E+00
.4740E+03 .2651E+00
.4750E+03 .2834E+00
.4760E+03 .3362E+00
.4770E+03 .3614E+00
.4780E+03 .3769E+00
.4790E+03 .3525E+00
.4800E+03 .3299E+00
.4810E+03 .3644E+00
.4820E+03 .4039E+00
.4830E+03 .4576E+00
.4840E+03 .4494E+00
.4850E+03 .4102E+00
.4860E+03 .3542E+00
.4870E+03 .3918E+00
.4880E+03 .3657E+00
.4890E+03 .2993E+00
.4900E+03 .3879E+00
.4910E+03 .4609E+00
.4920E+03 .4286E+00
.4930E+03 .4278E+00
.4940E+03 .3928E+00
.4950E+03 .3888E+00
.4960E+03 .3948E+00
.4970E+03 .4397E+00
.4980E+03 .4913E+00
.4990E+03 .5370E+00
.5000E+03 .5429E+00
.5010E+03 .5045E+00
.5020E+03 .4522E+00
.5030E+03 .4299E+00
.5040E+03 .4054E+00
.5050E+03 .3862E+00
.5060E+03 .4742E+00
.5070E+03 .4732E+00
.5080E+03 .4689E+00
.5090E+03 .4424E+00
.5100E+03 .4225E+00
.5110E+03 .4610E+00
.5120E+03 .4811E+00
.5130E+03 .4817E+00
.5140E+03 .5180E+00
.5150E+03 .5369E+00
.5160E+03 .5442E+00
.5170E+03 .5063E+00
.5180E+03 .4989E+00
.5190E+03 .4929E+00
.5200E+03 .5165E+00
.5210E+03 .5586E+00
.5220E+03 .5735E+00
.5230E+03 .5553E+00
.5240E+03 .5673E+00
.5250E+03 .4907E+00
.5260E+03 .4763E+00
.5270E+03 .4808E+00
.5280E+03 .5179E+00
.5290E+03 .5767E+00
.5300E+03 .5694E+00
.5310E+03 .5783E+00
.5320E+03 .5473E+00
.5330E+03 .5403E+00
.5340E+03 .5953E+00
.5350E+03 .6517E+00
.5360E+03 .6716E+00
.5370E+03 .6550E+00
.5380E+03 .6313E+00
.5390E+03 .6013E+00
.5400E+03 .6164E+00
.5410E+03 .6171E+00
.5420E+03 .5693E+00
.5430E+03 .5618E+00
.5440E+03 .5886E+00
.5450E+03 .5674E+00
.5460E+03 .5982E+00
.5470E+03 .6119E+00
.5480E+03 .5828E+00
.5490E+03 .5879E+00
.5500E+03 .6303E+00
.5510E+03 .6507E+00
.5520E+03 .6532E+00
.5530E+03 .6194E+00
.5540E+03 .6576E+00
.5550E+03 .6899E+00
.5560E+03 .7032E+00
.5570E+03 .6771E+00
.5580E+03 .6693E+00
.5590E+03 .6750E+00
.5600E+03 .6802E+00
.5610E+03 .6752E+00
.5620E+03 .6577E+00
.5630E+03 .6431E+00
.5640E+03 .5889E+00
.5650E+03 .5970E+00
.5660E+03 .6450E+00
.5670E+03 .6636E+00
.5680E+03 .6132E+00
.5690E+03 .5769E+00
.5700E+03 .5805E+00
.5710E+03 .5655E+00
.5720E+03 .5725E+00
.5730E+03 .6136E+00
.5740E+03 .6380E+00
.5750E+03 .6354E+00
.5760E+03 .6507E+00
.5770E+03 .6637E+00
.5780E+03 .6531E+00
.5790E+03 .6374E+00
.5800E+03 .6623E+00
.5810E+03 .6950E+00
.5820E+03 .7247E+00
.5830E+03 .7310E+00
.5840E+03 .7312E+00
.5850E+03 .6859E+00
.5860E+03 .6693E+00
.5870E+03 .6743E+00
.5880E+03 .6099E+00
.5890E+03 .4751E+00
.5900E+03 .4801E+00
.5910E+03 .5326E+00
.5920E+03 .5047E+00
.5930E+03 .5521E+00
.5940E+03 .5792E+00
.5950E+03 .5480E+00
.5960E+03 .6329E+00
.5970E+03 .6201E+00
.5980E+03 .6283E+00
.5990E+03 .6356E+00
.6000E+03 .6490E+00
.6010E+03 .6653E+00
.6020E+03 .6775E+00
.6030E+03 .7168E+00
.6040E+03 .7457E+00
.6050E+03 .7462E+00
.6060E+03 .7501E+00
.6070E+03 .7633E+00
.6080E+03 .7567E+00
.6090E+03 .7636E+00
.6100E+03 .7583E+00
.6110E+03 .7508E+00
.6120E+03 .7206E+00
.6130E+03 .7116E+00
.6140E+03 .7225E+00
.6150E+03 .7528E+00
.6160E+03 .7185E+00
.6170E+03 .7099E+00
.6180E+03 .7556E+00
.6190E+03 .7616E+00
.6200E+03 .7518E+00
.6210E+03 .7436E+00
.6220E+03 .7261E+00
.6230E+03 .6878E+00
.6240E+03 .6885E+00
.6250E+03 .7076E+00
.6260E+03 .7244E+00
.6270E+03 .7192E+00
.6280E+03 .6035E+00
.6290E+03 .6830E+00
.6300E+03 .6845E+00
.6310E+03 .7296E+00
.6320E+03 .7092E+00
.6330E+03 .7577E+00
.6340E+03 .7624E+00
.6350E+03 .7797E+00
.6360E+03 .7716E+00
.6370E+03 .7842E+00
.6380E+03 .8039E+00
.6390E+03 .8020E+00
.6400E+03 .7991E+00
.6410E+03 .7999E+00
.6420E+03 .7945E+00
.6430E+03 .7970E+00
.6440E+03 .8101E+00
.6450E+03 .7985E+00
.6460E+03 .7301E+00
.6470E+03 .6599E+00
.6480E+03 .6565E+00
.6490E+03 .6634E+00
.6500E+03 .7379E+00
.6510E+03 .7772E+00
.6520E+03 .6550E+00
.6530E+03 .7767E+00
.6540E+03 .7709E+00
.6550E+03 .7155E+00
.6560E+03 .6374E+00
.6570E+03 .6577E+00
.6580E+03 .7681E+00
.6590E+03 .7728E+00
.6600E+03 .7647E+00
.6610E+03 .7595E+00
.6620E+03 .7456E+00
.6630E+03 .7460E+00
.6640E+03 .7911E+00
.6650E+03 .8113E+00
.6660E+03 .8288E+00
.6670E+03 .8406E+00
.6680E+03 .8485E+00
.6690E+03 .8657E+00
.6700E+03 .8636E+00
.6710E+03 .8709E+00
.6720E+03 .8640E+00
.6730E+03 .8760E+00
.6740E+03 .8756E+00
.6750E+03 .8706E+00
.6760E+03 .8777E+00
.6770E+03 .8700E+00
.6780E+03 .8777E+00
.6790E+03 .8652E+00
.6800E+03 .8728E+00
.6810E+03 .8699E+00
.6820E+03 .8721E+00
.6830E+03 .8698E+00
.6840E+03 .8646E+00
.6850E+03 .8758E+00
.6860E+03 .8658E+00
.6870E+03 .3033E+00
.6880E+03 .4640E+00
.6890E+03 .4686E+00
.6900E+03 .5327E+00
.6910E+03 .6042E+00
.6920E+03 .6331E+00
.6930E+03 .5645E+00
.6940E+03 .5600E+00
.6950E+03 .6479E+00
.6960E+03 .6508E+00
.6970E+03 .7836E+00
.6980E+03 .7674E+00
.6990E+03 .6778E+00
.7000E+03 .6667E+00
.7010E+03 .6158E+00
.7020E+03 .6473E+00
.7030E+03 .6776E+00
.7040E+03 .7486E+00
.7050E+03 .6965E+00
.7060E+03 .7215E+00
.7070E+03 .7244E+00
.7080E+03 .7244E+00
.7090E+03 .7785E+00
.7100E+03 .7440E+00
.7110E+03 .7621E+00
.7120E+03 .7853E+00
.7130E+03 .7531E+00
.7140E+03 .7667E+00
.7150E+03 .6914E+00
.7160E+03 .6775E+00
.7170E+03 .3704E+00
.7180E+03 .3022E+00
.7190E+03 .2855E+00
.7200E+03 .2640E+00
.7210E+03 .4135E+00
.7220E+03 .6158E+00
.7230E+03 .4989E+00
.7240E+03 .3699E+00
.7250E+03 .3236E+00
.7260E+03 .3732E+00
.7270E+03 .4124E+00
.7280E+03 .3427E+00
.7290E+03 .4288E+00
.7300E+03 .4258E+00
.7310E+03 .3918E+00
.7320E+03 .5181E+00
.7330E+03 .6193E+00
.7340E+03 .6710E+00
.7350E+03 .6385E+00
.7360E+03 .6213E+00
.7370E+03 .6289E+00
.7380E+03 .6886E+00
.7390E+03 .6850E+00
.7400E+03 .7372E+00
.7410E+03 .7491E+00
.7420E+03 .7768E+00
.7430E+03 .8042E+00
.7440E+03 .8189E+00
.7450E+03 .8342E+00
.7460E+03 .8374E+00
.7470E+03 .8463E+00
.7480E+03 .8488E+00
.7490E+03 .8410E+00
.7500E+03 .8409E+00
.7510E+03 .8322E+00
.7520E+03 .8372E+00
.7530E+03 .8430E+00
.7540E+03 .8441E+00
.7550E+03 .8390E+00
.7560E+03 .8415E+00
.7570E+03 .8433E+00
.7580E+03 .8329E+00
.7590E+03 .7952E+00
.7600E+03 .9864E-02
.7610E+03 .2663E-02
.7620E+03 .1496E+00
.7630E+03 .2626E-01
.7640E+03 .7162E-01
.7650E+03 .1491E+00
.7660E+03 .2673E+00
.7670E+03 .4598E+00
.7680E+03 .6599E+00
.7690E+03 .7073E+00
.7700E+03 .7712E+00
.7710E+03 .7958E+00
.7720E+03 .8035E+00
.7730E+03 .8108E+00
.7740E+03 .8083E+00
.7750E+03 .8032E+00
.7760E+03 .8137E+00
.7770E+03 .8032E+00
.7780E+03 .7976E+00
.7790E+03 .7984E+00
.7800E+03 .7950E+00
.7810E+03 .7962E+00
.7820E+03 .8014E+00
.7830E+03 .7881E+00
.7840E+03 .7929E+00
.7850E+03 .7775E+00
.7860E+03 .7777E+00
.7870E+03 .7141E+00
.7880E+03 .6852E+00
.7890E+03 .6614E+00
.7900E+03 .6218E+00
.7910E+03 .6565E+00
.7920E+03 .6663E+00
.7930E+03 .6488E+00
.7940E+03 .7316E+00
.7950E+03 .7203E+00
.7960E+03 .6197E+00
.7970E+03 .6115E+00
.7980E+03 .6997E+00
.7990E+03 .6809E+00
.8000E+03 .6442E+00
.8010E+03 .6423E+00
.8020E+03 .6294E+00
.8030E+03 .6079E+00
.8040E+03 .6236E+00
.8050E+03 .6496E+00
.8060E+03 .7024E+00
.8070E+03 .6866E+00
.8080E+03 .6881E+00
.8090E+03 .6483E+00
.8100E+03 .5980E+00
.8110E+03 .6005E+00
.8120E+03 .5163E+00
.8130E+03 .5065E+00
.8140E+03 .3512E+00
.8150E+03 .3637E+00
.8160E+03 .3010E+00
.8170E+03 .3119E+00
.8180E+03 .2758E+00
.8190E+03 .3950E+00
.8200E+03 .3448E+00
.8210E+03 .5505E+00
.8220E+03 .4983E+00
.8230E+03 .1672E+00
.8240E+03 .4015E+00
.8250E+03 .5431E+00
.8260E+03 .4619E+00
.8270E+03 .5402E+00
.8280E+03 .3192E+00
.8290E+03 .4739E+00
.8300E+03 .4508E+00
.8310E+03 .4466E+00
.8320E+03 .4096E+00
.8330E+03 .5099E+00
.8340E+03 .4715E+00
.8350E+03 .6279E+00
.8360E+03 .5105E+00
.8370E+03 .6234E+00
.8380E+03 .5703E+00
.8390E+03 .6042E+00
.8400E+03 .6318E+00
.8410E+03 .6001E+00
.8420E+03 .6350E+00
.8430E+03 .6707E+00
.8440E+03 .6355E+00
.8450E+03 .6902E+00
.8460E+03 .6978E+00
.8470E+03 .6984E+00
.8480E+03 .6731E+00
.8490E+03 .6551E+00
.8500E+03 .6293E+00
.8510E+03 .6526E+00
.8520E+03 .6517E+00
.8530E+03 .6452E+00
.8540E+03 .5409E+00
.8550E+03 .6175E+00
.8560E+03 .6628E+00
.8570E+03 .6947E+00
.8580E+03 .6836E+00
.8590E+03 .6906E+00
.8600E+03 .6997E+00
.8610E+03 .6925E+00
.8620E+03 .7079E+00
.8630E+03 .7242E+00
.8640E+03 .6879E+00
.8650E+03 .6836E+00
.8660E+03 .6148E+00
.8670E+03 .6418E+00
.8680E+03 .6987E+00
.8690E+03 .6847E+00
.8700E+03 .7045E+00
.8710E+03 .6941E+00
.8720E+03 .6929E+00
.8730E+03 .6917E+00
.8740E+03 .6837E+00
.8750E+03 .6683E+00
.8760E+03 .6732E+00
.8770E+03 .6826E+00
.8780E+03 .6848E+00
.8790E+03 .6750E+00
.8800E+03 .6628E+00
.8810E+03 .6396E+00
.8820E+03 .6533E+00
.8830E+03 .6618E+00
.8840E+03 .6560E+00
.8850E+03 .6618E+00
.8860E+03 .6086E+00
.8870E+03 .6283E+00
.8880E+03 .6224E+00
.8890E+03 .6600E+00
.8900E+03 .6136E+00
.8910E+03 .6259E+00
.8920E+03 .5858E+00
.8930E+03 .5439E+00
.8940E+03 .4582E+00
.8950E+03 .3655E+00
.8960E+03 .2986E+00
.8970E+03 .1975E+00
.8980E+03 .2407E+00
.8990E+03 .1402E+00
.9000E+03 .3004E+00
.9010E+03 .1307E+00
.9020E+03 .2178E+00
.9030E+03 .2118E+00
.9040E+03 .4130E+00
.9050E+03 .3820E+00
.9060E+03 .3446E+00
.9070E+03 .1810E+00
.9080E+03 .2017E+00
.9090E+03 .2435E+00
.9100E+03 .1633E+00
.9110E+03 .2414E+00
.9120E+03 .2209E+00
.9130E+03 .1646E+00
.9140E+03 .1598E+00
.9150E+03 .1819E+00
.9160E+03 .1411E+00
.9170E+03 .2480E+00
.9180E+03 .1312E+00
.9190E+03 .2678E+00
.9200E+03 .3365E+00
.9210E+03 .3495E+00
.9220E+03 .2647E+00
.9230E+03 .3448E+00
.9240E+03 .2487E+00
.9250E+03 .2379E+00
.9260E+03 .2368E+00
.9270E+03 .3040E+00
.9280E+03 .1018E+00
.9290E+03 .7390E-01
.9300E+03 .2658E-01
.9310E+03 .2060E-01
.9320E+03 .5782E-02
.9330E+03 .2634E-02
.9340E+03 .1367E-03
.9350E+03 .3269E-02
.9360E+03 .7634E-03
.9370E+03 .8710E-03
.9380E+03 .1290E-02
.9390E+03 .1981E-01
.9400E+03 .3759E-01
.9410E+03 .1405E-01
.9420E+03 .2001E-01
.9430E+03 .6640E-02
.9440E+03 .1386E-01
.9450E+03 .1703E-01
.9460E+03 .1933E-02
.9470E+03 .1438E-01
.9480E+03 .1042E-01
.9490E+03 .3588E-01
.9500E+03 .8844E-03
.9510E+03 .3185E-01
.9520E+03 .6975E-02
.9530E+03 .1547E-01
.9540E+03 .2718E-01
.9550E+03 .1619E-01
.9560E+03 .4422E-01
.9570E+03 .6863E-02
.9580E+03 .6875E-01
.9590E+03 .3050E-01
.9600E+03 .3736E-01
.9610E+03 .6196E-01
.9620E+03 .5982E-01
.9630E+03 .9725E-01
.9640E+03 .8214E-01
.9650E+03 .8523E-01
.9660E+03 .8224E-01
.9670E+03 .7601E-01
.9680E+03 .2881E+00
.9690E+03 .2582E+00
.9700E+03 .2055E+00
.9710E+03 .3351E+00
.9720E+03 .3116E+00
.9730E+03 .1613E+00
.9740E+03 .1784E+00
.9750E+03 .2020E+00
.9760E+03 .1311E+00
.9770E+03 .2620E+00
.9780E+03 .1954E+00
.9790E+03 .2189E+00
.9800E+03 .2094E+00
.9810E+03 .3547E+00
.9820E+03 .3162E+00
.9830E+03 .2822E+00
.9840E+03 .4263E+00
.9850E+03 .3022E+00
.9860E+03 .4575E+00
.9870E+03 .4338E+00
.9880E+03 .4503E+00
.9890E+03 .4980E+00
.9900E+03 .4283E+00
.9910E+03 .4990E+00
.9920E+03 .5086E+00
.9930E+03 .4668E+00
.9940E+03 .5180E+00
.9950E+03 .5285E+00
.9960E+03 .5123E+00
.9970E+03 .5193E+00
.9980E+03 .5178E+00
.9990E+03 .5145E+00
.1000E+04 .4936E+00
.1001E+04 .5199E+00
.1002E+04 .4491E+00
.1003E+04 .5063E+00
.1004E+04 .4810E+00
.1005E+04 .4833E+00
.1006E+04 .4914E+00
.1007E+04 .5077E+00
.1008E+04 .4924E+00
.1009E+04 .4779E+00
.1010E+04 .4690E+00
.1011E+04 .5065E+00
.1012E+04 .4910E+00
.1013E+04 .5110E+00
.1014E+04 .5075E+00
.1015E+04 .5020E+00
.1016E+04 .5002E+00
.1017E+04 .4962E+00
.1018E+04 .5051E+00
.1019E+04 .4709E+00
.1020E+04 .4981E+00
.1021E+04 .5021E+00
.1022E+04 .4885E+00
.1023E+04 .4930E+00
.1024E+04 .4584E+00
.1025E+04 .5020E+00
.1026E+04 .4926E+00
.1027E+04 .4935E+00
.1028E+04 .4907E+00
.1029E+04 .4816E+00
.1030E+04 .4973E+00
.1031E+04 .4905E+00
.1032E+04 .4942E+00
.1033E+04 .4863E+00
.1034E+04 .4885E+00
.1035E+04 .4912E+00
.1036E+04 .4904E+00
.1037E+04 .4845E+00
.1038E+04 .4866E+00
.1039E+04 .4852E+00
.1040E+04 .4840E+00
.1041E+04 .4846E+00
.1042E+04 .4822E+00
.1043E+04 .4804E+00
.1044E+04 .4817E+00
.1045E+04 .4748E+00
.1046E+04 .4691E+00
.1047E+04 .4728E+00
.1048E+04 .4748E+00
.1049E+04 .4713E+00
.1050E+04 .4681E+00
.1051E+04 .4680E+00
.1052E+04 .4648E+00
.1053E+04 .4604E+00
.1054E+04 .4609E+00
.1055E+04 .4599E+00
.1056E+04 .4568E+00
.1057E+04 .4547E+00
.1058E+04 .4425E+00
.1059E+04 .4410E+00
.1060E+04 .4406E+00
.1061E+04 .4389E+00
.1062E+04 .4378E+00
.1063E+04 .4313E+00
.1064E+04 .4409E+00
.1065E+04 .4268E+00
.1066E+04 .4276E+00
.1067E+04 .4292E+00
.1068E+04 .4119E+00
.1069E+04 .3982E+00
.1070E+04 .3990E+00
.1071E+04 .4294E+00
.1072E+04 .4009E+00
.1073E+04 .4041E+00
.1074E+04 .4338E+00
.1075E+04 .3751E+00
.1076E+04 .4224E+00
.1077E+04 .4035E+00
.1078E+04 .3769E+00
.1079E+04 .4226E+00
.1080E+04 .3718E+00
.1081E+04 .3541E+00
.1082E+04 .3789E+00
.1083E+04 .3982E+00
.1084E+04 .3393E+00
.1085E+04 .3654E+00
.1086E+04 .2878E+00
.1087E+04 .3429E+00
.1088E+04 .3794E+00
.1089E+04 .3300E+00
.1090E+04 .3101E+00
.1091E+04 .3611E+00
.1092E+04 .3774E+00
.1093E+04 .2322E+00
.1094E+04 .3156E+00
.1095E+04 .2352E+00
.1096E+04 .2067E+00
.1097E+04 .3534E+00
.1098E+04 .1943E+00
.1099E+04 .2035E+00
.1100E+04 .1612E+00
.1101E+04 .1828E+00
.1102E+04 .1530E+00
.1103E+04 .1338E+00
.1104E+04 .1425E+00
.1105E+04 .1624E+00
.1106E+04 .6884E-01
.1107E+04 .1658E+00
.1108E+04 .9031E-01
.1109E+04 .7428E-01
.1110E+04 .1024E+00
.1111E+04 .3518E-01
.1112E+04 .7185E-01
.1113E+04 .1884E-01
.1114E+04 .1991E-01
.1115E+04 .1295E-01
.1116E+04 .3514E-02
.1117E+04 .1764E-03
.1118E+04 .4219E-02
.1119E+04 .4310E-03
.1120E+04 .3600E-03
.1121E+04 .6345E-03
.1122E+04 .2733E-04
.1123E+04 .2730E-03
.1124E+04 .2368E-03
.1125E+04 .5664E-03
.1126E+04 .6239E-05
.1127E+04 .5846E-03
.1128E+04 .5196E-04
.1129E+04 .5737E-04
.1130E+04 .8350E-04
.1131E+04 .5194E-02
.1132E+04 .2791E-02
.1133E+04 .3643E-03
.1134E+04 .4684E-05
.1135E+04 .3115E-05
.1136E+04 .1295E-03
.1137E+04 .4395E-02
.1138E+04 .2099E-02
.1139E+04 .1512E-01
.1140E+04 .6848E-02
.1141E+04 .2305E-02
.1142E+04 .3732E-02
.1143E+04 .1127E-01
.1144E+04 .7421E-03
.1145E+04 .2519E-03
.1146E+04 .2751E-03
.1147E+04 .6273E-05
.1148E+04 .7669E-02
.1149E+04 .3498E-02
.1150E+04 .1588E-02
.1151E+04 .2363E-02
.1152E+04 .5502E-02
.1153E+04 .8783E-02
.1154E+04 .6197E-03
.1155E+04 .1698E-01
.1156E+04 .1232E-01
.1157E+04 .2941E-01
.1158E+04 .2984E-01
.1159E+04 .3275E-01
.1160E+04 .2880E-01
.1161E+04 .5357E-01
.1162E+04 .4985E-01
.1163E+04 .1577E+00
.1164E+04 .8427E-01
.1165E+04 .8169E-01
.1166E+04 .8875E-01
.1167E+04 .1002E+00
.1168E+04 .1311E+00
.1169E+04 .1410E+00
.1170E+04 .1807E+00
.1171E+04 .1667E+00
.1172E+04 .1831E+00
.1173E+04 .1754E+00
.1174E+04 .7377E-01
.1175E+04 .1969E+00
.1176E+04 .2638E+00
.1177E+04 .2257E+00
.1178E+04 .1176E+00
.1179E+04 .2701E+00
.1180E+04 .1738E+00
.1181E+04 .1900E+00
.1182E+04 .7227E-01
.1183E+04 .1981E+00
.1184E+04 .1565E+00
.1185E+04 .1275E+00
.1186E+04 .2332E+00
.1187E+04 .1900E+00
.1188E+04 .6315E-01
.1189E+04 .1708E+00
.1190E+04 .2300E+00
.1191E+04 .1750E+00
.1192E+04 .2475E+00
.1193E+04 .2101E+00
.1194E+04 .2363E+00
.1195E+04 .1891E+00
.1196E+04 .1628E+00
.1197E+04 .2449E+00
.1198E+04 .2145E+00
.1199E+04 .1155E+00
.1200E+04 .2170E+00
.1201E+04 .1750E+00
.1202E+04 .2121E+00
.1203E+04 .1782E+00
.1204E+04 .1209E+00
.1205E+04 .2171E+00
.1206E+04 .2768E+00
.1207E+04 .1891E+00
.1208E+04 .2067E+00
.1209E+04 .2071E+00
.1210E+04 .2390E+00
.1211E+04 .2157E+00
.1212E+04 .1637E+00
.1213E+04 .2562E+00
.1214E+04 .1832E+00
.1215E+04 .1781E+00
.1216E+04 .2689E+00
.1217E+04 .2465E+00
.1218E+04 .2577E+00
.1219E+04 .2309E+00
.1220E+04 .2571E+00
.1221E+04 .2879E+00
.1222E+04 .2601E+00
.1223E+04 .2514E+00
.1224E+04 .2316E+00
.1225E+04 .2739E+00
.1226E+04 .2959E+00
.1227E+04 .2195E+00
.1228E+04 .2926E+00
.1229E+04 .2959E+00
.1230E+04 .2854E+00
.1231E+04 .3195E+00
.1232E+04 .3166E+00
.1233E+04 .2634E+00
.1234E+04 .3321E+00
.1235E+04 .3177E+00
.1236E+04 .3306E+00
.1237E+04 .3105E+00
.1238E+04 .3307E+00
.1239E+04 .3260E+00
.1240E+04 .3320E+00
.1241E+04 .3164E+00
.1242E+04 .3285E+00
.1243E+04 .3281E+00
.1244E+04 .3258E+00
.1245E+04 .3311E+00
.1246E+04 .3296E+00
.1247E+04 .3251E+00
.1248E+04 .3168E+00
.1249E+04 .3271E+00
.1250E+04 .3230E+00
.1251E+04 .3161E+00
.1252E+04 .3184E+00
.1253E+04 .3107E+00
.1254E+04 .2952E+00
.1255E+04 .3141E+00
.1256E+04 .2953E+00
.1257E+04 .2923E+00
.1258E+04 .3025E+00
.1259E+04 .2776E+00
.1260E+04 .2773E+00
.1261E+04 .2403E+00
.1262E+04 .2256E+00
.1263E+04 .2213E+00
.1264E+04 .1816E+00
.1265E+04 .2235E+00
.1266E+04 .2025E+00
.1267E+04 .2096E+00
.1268E+04 .1869E+00
.1269E+04 .5225E-01
.1270E+04 .2096E+00
.1271E+04 .2428E+00
.1272E+04 .2412E+00
.1273E+04 .2381E+00
.1274E+04 .2376E+00
.1275E+04 .2530E+00
.1276E+04 .2548E+00
.1277E+04 .2520E+00
.1278E+04 .2816E+00
.1279E+04 .2707E+00
.1280E+04 .2540E+00
.1281E+04 .2537E+00
.1282E+04 .2607E+00
.1283E+04 .2760E+00
.1284E+04 .2650E+00
.1285E+04 .2772E+00
.1286E+04 .2844E+00
.1287E+04 .2552E+00
.1288E+04 .2616E+00
.1289E+04 .2299E+00
.1290E+04 .2546E+00
.1291E+04 .2702E+00
.1292E+04 .2050E+00
.1293E+04 .2416E+00
.1294E+04 .2307E+00
.1295E+04 .2290E+00
.1296E+04 .1934E+00
.1297E+04 .1620E+00
.1298E+04 .2164E+00
.1299E+04 .2574E+00
.1300E+04 .1479E+00
.1301E+04 .1344E+00
.1302E+04 .2216E+00
.1303E+04 .1305E+00
.1304E+04 .7825E-01
.1305E+04 .1950E+00
.1306E+04 .1765E+00
.1307E+04 .7769E-01
.1308E+04 .1523E+00
.1309E+04 .1756E+00
.1310E+04 .7633E-01
.1311E+04 .1287E+00
.1312E+04 .1321E+00
.1313E+04 .9109E-01
.1314E+04 .6669E-01
.1315E+04 .5309E-01
.1316E+04 .1056E+00
.1317E+04 .1010E+00
.1318E+04 .1325E+00
.1319E+04 .4343E-01
.1320E+04 .5400E-01
.1321E+04 .8082E-01
.1322E+04 .6236E-01
.1323E+04 .2496E-01
.1324E+04 .4549E-01
.1325E+04 .9544E-01
.1326E+04 .5904E-01
.1327E+04 .5018E-01
.1328E+04 .3150E-01
.1329E+04 .8348E-02
.1330E+04 .1736E-01
.1331E+04 .3095E-02
.1332E+04 .3299E-02
.1333E+04 .6575E-02
.1334E+04 .1455E-01
.1335E+04 .1846E-01
.1336E+04 .8085E-02
.1337E+04 .7998E-02
.1338E+04 .7845E-02
.1339E+04 .7477E-02
.1340E+04 .9627E-02
.1341E+04 .3549E-02
.1342E+04 .3293E-02
.1343E+04 .6101E-03
.1344E+04 .3918E-03
.1345E+04 .2326E-03
.1346E+04 .8822E-05
.1347E+04 .4323E-05
.1348E+04 .2451E-07
.1349E+04 .1155E-06
.1350E+04 .1414E-06
.1351E+04 .4985E-08
.1352E+04 .4418E-10
.1353E+04 .5114E-12
.1354E+04 .1056E-10
.1355E+04 .4902E-15
.1356E+04 .2911E-12
.1357E+04 .3777E-12
.1358E+04 .7300E-15
.1359E+04 .7227E-18
.1360E+04 .6236E-16
.1361E+04 .1103E-22
.1362E+04 .3627E-26
.1363E+04 .2496E-17
.1364E+04 .5414E-17
.1365E+04 .2822E-29
.1366E+04 .3549E-16
.1367E+04 .2034E-15
.1368E+04 .3318E-36
.1369E+04 .2805E-17
.1370E+04 .1594E-18
.1371E+04 .2204E-20
.1372E+04 .1681E-15
.1373E+04 .3151E-13
.1374E+04 .9448E-12
.1375E+04 .5037E-12
.1376E+04 .1098E-10
.1377E+04 .4223E-11
.1378E+04 .2256E-10
.1379E+04 .2375E-11
.1380E+04 .5552E-12
.1381E+04 .1572E-13
.1382E+04 .7277E-16
.1383E+04 .9596E-18
.1384E+04 .9680E-18
.1385E+04 .1077E-14
.1386E+04 .1071E-16
.1387E+04 .7144E-13
.1388E+04 .2431E-13
.1389E+04 .5493E-11
.1390E+04 .2617E-11
.1391E+04 .2395E-11
.1392E+04 .3114E-12
.1393E+04 .3067E-11
.1394E+04 .2139E-13
.1395E+04 .1156E-15
.1396E+04 .6480E-22
.1397E+04 .6768E-12
.1398E+04 .1436E-10
.1399E+04 .1271E-10
.1400E+04 .1526E-23
.1401E+04 .2706E-21
.1402E+04 .1660E-08
.1403E+04 .8569E-09
.1404E+04 .1419E-09
.1405E+04 .1114E-16
.1406E+04 .8677E-10
.1407E+04 .1123E-09
.1408E+04 .1020E-09
.1409E+04 .5702E-11
.1410E+04 .5232E-10
.1411E+04 .9163E-09
.1412E+04 .2916E-08
.1413E+04 .1119E-06
.1414E+04 .5906E-10
.1415E+04 .1549E-10
.1416E+04 .1412E-05
.1417E+04 .1772E-06
.1418E+04 .5319E-07
.1419E+04 .6941E-08
.1420E+04 .3206E-07
.1421E+04 .6821E-07
.1422E+04 .2188E-05
.1423E+04 .3256E-06
.1424E+04 .4376E-05
.1425E+04 .1110E-05
.1426E+04 .9020E-05
.1427E+04 .1117E-04
.1428E+04 .1287E-07
.1429E+04 .2768E-05
.1430E+04 .5274E-04
.1431E+04 .2418E-04
.1432E+04 .6123E-08
.1433E+04 .9478E-05
.1434E+04 .3711E-05
.1435E+04 .6172E-06
.1436E+04 .7132E-05
.1437E+04 .3621E-05
.1438E+04 .1446E-05
.1439E+04 .1070E-04
.1440E+04 .2182E-04
.1441E+04 .3011E-05
.1442E+04 .1100E-05
.1443E+04 .5149E-05
.1444E+04 .4887E-04
.1445E+04 .1004E-04
.1446E+04 .7211E-06
.1447E+04 .6746E-05
.1448E+04 .4192E-03
.1449E+04 .3338E-03
.1450E+04 .1394E-04
.1451E+04 .3437E-05
.1452E+04 .4096E-04
.1453E+04 .8894E-04
.1454E+04 .1691E-02
.1455E+04 .1486E-03
.1456E+04 .2041E-03
.1457E+04 .7123E-03
.1458E+04 .3011E-02
.1459E+04 .4147E-02
.1460E+04 .8335E-03
.1461E+04 .1815E-03
.1462E+04 .1701E-02
.1463E+04 .1259E-03
.1464E+04 .3471E-02
.1465E+04 .1462E-02
.1466E+04 .5376E-04
.1467E+04 .1576E-04
.1468E+04 .1205E-03
.1469E+04 .4081E-03
.1470E+04 .3432E-05
.1471E+04 .1256E-04
.1472E+04 .2923E-05
.1473E+04 .4738E-04
.1474E+04 .9442E-03
.1475E+04 .6353E-02
.1476E+04 .2225E-03
.1477E+04 .9265E-04
.1478E+04 .4355E-03
.1479E+04 .1819E-02
.1480E+04 .8657E-04
.1481E+04 .9111E-03
.1482E+04 .3095E-03
.1483E+04 .3819E-02
.1484E+04 .5764E-02
.1485E+04 .4126E-02
.1486E+04 .1588E-02
.1487E+04 .1566E-03
.1488E+04 .2014E-02
.1489E+04 .1045E-01
.1490E+04 .2047E-01
.1491E+04 .2525E-01
.1492E+04 .7349E-02
.1493E+04 .1975E-01
.1494E+04 .3977E-01
.1495E+04 .2435E-01
.1496E+04 .1792E-01
.1497E+04 .6968E-01
.1498E+04 .3085E-01
.1499E+04 .4120E-01
.1500E+04 .9435E-01
.1501E+04 .1028E+00
.1502E+04 .6722E-01
.1503E+04 .3285E-01
.1504E+04 .1769E-01
.1505E+04 .4393E-01
.1506E+04 .1183E+00
.1507E+04 .1090E+00
.1508E+04 .9161E-01
.1509E+04 .4384E-01
.1510E+04 .1366E+00
.1511E+04 .1132E+00
.1512E+04 .1358E+00
.1513E+04 .9062E-01
.1514E+04 .7092E-01
.1515E+04 .1470E+00
.1516E+04 .1311E+00
.1517E+04 .1030E+00
.1518E+04 .1179E+00
.1519E+04 .9561E-01
.1520E+04 .1254E+00
.1521E+04 .1787E+00
.1522E+04 .1461E+00
.1523E+04 .1867E+00
.1524E+04 .1685E+00
.1525E+04 .1310E+00
.1526E+04 .1270E+00
.1527E+04 .1442E+00
.1528E+04 .1756E+00
.1529E+04 .1678E+00
.1530E+04 .1384E+00
.1531E+04 .1592E+00
.1532E+04 .1872E+00
.1533E+04 .1920E+00
.1534E+04 .1755E+00
.1535E+04 .1579E+00
.1536E+04 .1789E+00
.1537E+04 .1658E+00
.1538E+04 .1930E+00
.1539E+04 .1761E+00
.1540E+04 .1874E+00
.1541E+04 .1856E+00
.1542E+04 .1677E+00
.1543E+04 .1884E+00
.1544E+04 .1735E+00
.1545E+04 .1997E+00
.1546E+04 .1855E+00
.1547E+04 .1922E+00
.1548E+04 .1925E+00
.1549E+04 .2015E+00
.1550E+04 .1965E+00
.1551E+04 .1951E+00
.1552E+04 .1815E+00
.1553E+04 .1959E+00
.1554E+04 .1908E+00
.1555E+04 .1953E+00
.1556E+04 .1936E+00
.1557E+04 .1975E+00
.1558E+04 .1967E+00
.1559E+04 .1946E+00
.1560E+04 .1946E+00
.1561E+04 .1968E+00
.1562E+04 .1889E+00
.1563E+04 .1892E+00
.1564E+04 .1893E+00
.1565E+04 .1954E+00
.1566E+04 .1882E+00
.1567E+04 .1900E+00
.1568E+04 .1797E+00
.1569E+04 .1710E+00
.1570E+04 .1470E+00
.1571E+04 .1231E+00
.1572E+04 .1272E+00
.1573E+04 .1256E+00
.1574E+04 .1381E+00
.1575E+04 .1650E+00
.1576E+04 .1497E+00
.1577E+04 .1288E+00
.1578E+04 .1374E+00
.1579E+04 .1318E+00
.1580E+04 .1477E+00
.1581E+04 .1518E+00
.1582E+04 .1555E+00
.1583E+04 .1567E+00
.1584E+04 .1743E+00
.1585E+04 .1803E+00
.1586E+04 .1772E+00
.1587E+04 .1724E+00
.1588E+04 .1784E+00
.1589E+04 .1735E+00
.1590E+04 .1734E+00
.1591E+04 .1795E+00
.1592E+04 .1781E+00
.1593E+04 .1883E+00
.1594E+04 .1826E+00
.1595E+04 .1842E+00
.1596E+04 .1762E+00
.1597E+04 .1731E+00
.1598E+04 .1793E+00
.1599E+04 .1630E+00
.1600E+04 .1478E+00
.1601E+04 .1282E+00
.1602E+04 .1223E+00
.1603E+04 .1246E+00
.1604E+04 .1307E+00
.1605E+04 .1557E+00
.1606E+04 .1634E+00
.1607E+04 .1497E+00
.1608E+04 .1313E+00
.1609E+04 .1266E+00
.1610E+04 .1336E+00
.1611E+04 .1400E+00
.1612E+04 .1508E+00
.1613E+04 .1541E+00
.1614E+04 .1634E+00
.1615E+04 .1647E+00
.1616E+04 .1645E+00
.1617E+04 .1666E+00
.1618E+04 .1752E+00
.1619E+04 .1672E+00
.1620E+04 .1711E+00
.1621E+04 .1734E+00
.1622E+04 .1761E+00
.1623E+04 .1792E+00
.1624E+04 .1764E+00
.1625E+04 .1732E+00
.1626E+04 .1760E+00
.1627E+04 .1780E+00
.1628E+04 .1761E+00
.1629E+04 .1755E+00
.1630E+04 .1738E+00
.1631E+04 .1705E+00
.1632E+04 .1674E+00
.1633E+04 .1588E+00
.1634E+04 .1709E+00
.1635E+04 .1590E+00
.1636E+04 .1648E+00
.1637E+04 .1627E+00
.1638E+04 .1438E+00
.1639E+04 .1547E+00
.1640E+04 .1319E+00
.1641E+04 .1505E+00
.1642E+04 .1523E+00
.1643E+04 .1308E+00
.1644E+04 .1575E+00
.1645E+04 .1419E+00
.1646E+04 .1304E+00
.1647E+04 .1610E+00
.1648E+04 .1320E+00
.1649E+04 .1481E+00
.1650E+04 .1524E+00
.1651E+04 .1250E+00
.1652E+04 .1469E+00
.1653E+04 .1524E+00
.1654E+04 .1348E+00
.1655E+04 .1553E+00
.1656E+04 .1433E+00
.1657E+04 .1489E+00
.1658E+04 .1576E+00
.1659E+04 .1590E+00
.1660E+04 .1597E+00
.1661E+04 .1545E+00
.1662E+04 .1340E+00
.1663E+04 .1586E+00
.1664E+04 .1533E+00
.1665E+04 .1343E+00
.1666E+04 .7049E-01
.1667E+04 .1342E+00
.1668E+04 .1536E+00
.1669E+04 .1387E+00
.1670E+04 .1559E+00
.1671E+04 .1472E+00
.1672E+04 .1470E+00
.1673E+04 .1540E+00
.1674E+04 .1425E+00
.1675E+04 .1425E+00
.1676E+04 .1397E+00
.1677E+04 .1409E+00
.1678E+04 .1275E+00
.1679E+04 .1487E+00
.1680E+04 .1384E+00
.1681E+04 .1325E+00
.1682E+04 .1479E+00
.1683E+04 .1489E+00
.1684E+04 .1129E+00
.1685E+04 .1529E+00
.1686E+04 .1494E+00
.1687E+04 .1281E+00
.1688E+04 .1490E+00
.1689E+04 .1445E+00
.1690E+04 .1370E+00
.1691E+04 .1034E+00
.1692E+04 .1311E+00
.1693E+04 .1528E+00
.1694E+04 .1265E+00
.1695E+04 .1486E+00
.1696E+04 .1484E+00
.1697E+04 .7894E-01
.1698E+04 .1448E+00
.1699E+04 .1383E+00
.1700E+04 .1244E+00
.1702E+04 .1433E+00
.1705E+04 .1222E+00
.1710E+04 .1157E+00
.1715E+04 .1084E+00
.1720E+04 .1152E+00
.1725E+04 .9462E-01
.1730E+04 .9004E-01
.1735E+04 .8122E-01
.1740E+04 .7872E-01
.1745E+04 .7145E-01
.1750E+04 .7557E-01
.1755E+04 .6034E-01
.1760E+04 .6772E-01
.1765E+04 .3802E-01
.1770E+04 .3200E-01
.1775E+04 .1660E-01
.1780E+04 .1043E-01
.1785E+04 .3414E-02
.1790E+04 .5343E-02
.1795E+04 .5344E-04
.1800E+04 .9464E-04
.1805E+04 .1204E-06
.1810E+04 .3700E-06
.1815E+04 .1511E-08
.1820E+04 .6334E-10
.1825E+04 .1000E-09
.1830E+04 .1296E-14
.1835E+04 .3880E-15
.1840E+04 .8477E-18
.1845E+04 .6030E-17
.1850E+04 .1381E-17
.1855E+04 .3746E-17
.1860E+04 .2530E-13
.1865E+04 .6110E-14
.1870E+04 .2153E-24
.1875E+04 .6339E-24
.1880E+04 .3746E-12
.1885E+04 .1198E-12
.1890E+04 .3283E-12
.1895E+04 .9401E-12
.1900E+04 .4070E-16
.1905E+04 .7124E-16
.1910E+04 .8658E-14
.1915E+04 .1054E-12
.1920E+04 .3076E-11
.1925E+04 .5610E-10
.1930E+04 .8957E-10
.1935E+04 .5938E-08
.1940E+04 .7993E-07
.1945E+04 .3141E-06
.1950E+04 .1508E-04
.1955E+04 .3290E-06
.1960E+04 .3542E-04
.1965E+04 .2902E-03
.1970E+04 .2321E-02
.1975E+04 .5627E-02
.1980E+04 .1215E-01
.1985E+04 .1928E-01
.1990E+04 .1826E-01
.1995E+04 .1797E-01
.2000E+04 .1213E-02
.2005E+04 .3785E-04
.2010E+04 .1512E-02
.2015E+04 .3520E-03
.2020E+04 .2560E-02
.2025E+04 .1516E-01
.2030E+04 .2676E-01
.2035E+04 .4657E-01
.2040E+04 .3854E-01
.2045E+04 .3828E-01
.2050E+04 .1404E-01
.2055E+04 .6747E-02
.2060E+04 .1582E-01
.2065E+04 .1100E-01
.2070E+04 .1337E-01
.2075E+04 .2663E-01
.2080E+04 .4265E-01
.2085E+04 .4074E-01
.2090E+04 .4995E-01
.2095E+04 .5323E-01
.2100E+04 .4618E-01
.2105E+04 .6185E-01
.2110E+04 .5594E-01
.2115E+04 .6071E-01
.2120E+04 .5229E-01
.2125E+04 .5778E-01
.2130E+04 .6139E-01
.2135E+04 .6242E-01
.2140E+04 .6524E-01
.2145E+04 .6449E-01
.2150E+04 .4928E-01
.2155E+04 .5118E-01
.2160E+04 .5071E-01
.2165E+04 .4521E-01
.2170E+04 .5328E-01
.2175E+04 .4599E-01
.2180E+04 .5287E-01
.2185E+04 .3580E-01
.2190E+04 .4881E-01
.2195E+04 .4677E-01
.2200E+04 .3352E-01
.2205E+04 .4099E-01
.2210E+04 .5235E-01
.2215E+04 .4718E-01
.2220E+04 .5070E-01
.2225E+04 .4670E-01
.2230E+04 .5061E-01
.2235E+04 .4690E-01
.2240E+04 .4750E-01
.2245E+04 .4178E-01
.2250E+04 .4663E-01
.2255E+04 .3876E-01
.2260E+04 .3734E-01
.2265E+04 .4124E-01
.2270E+04 .3451E-01
.2275E+04 .3334E-01
.2280E+04 .3940E-01
.2285E+04 .3262E-01
.2290E+04 .3282E-01
.2295E+04 .3140E-01
.2300E+04 .2496E-01
.2305E+04 .2557E-01
.2310E+04 .3264E-01
.2315E+04 .2371E-01
.2320E+04 .1579E-01
.2325E+04 .2084E-01
.2330E+04 .1873E-01
.2335E+04 .2345E-01
.2340E+04 .8912E-02
.2345E+04 .1486E-01
.2350E+04 .8648E-02
.2355E+04 .1123E-01
.2360E+04 .1394E-01
.2365E+04 .1407E-01
.2370E+04 .2228E-02
.2375E+04 .9206E-02
.2380E+04 .6610E-02
.2385E+04 .2575E-02
.2390E+04 .4752E-02
.2395E+04 .6893E-02
.2400E+04 .7673E-02
.2405E+04 .3782E-02
.2410E+04 .3278E-02
.2415E+04 .9174E-03
.2420E+04 .1017E-02
.2425E+04 .1937E-02
.2430E+04 .4773E-02
.2435E+04 .1171E-03
.2440E+04 .3430E-02
.2445E+04 .3310E-03
.2450E+04 .6425E-04
.2455E+04 .6287E-03
.2460E+04 .1039E-02
.2465E+04 .2226E-03
.2470E+04 .1501E-04
.2475E+04 .2447E-04
.2480E+04 .1800E-05
.2485E+04 .3218E-07
.2490E+04 .3114E-08
.2495E+04 .2900E-08
.2500E+04 .4504E-07
.2505E+04 .6600E-08
.2510E+04 .1422E-07
.2515E+04 .1366E-09
.2520E+04 .2347E-11
.2525E+04 .9829E-14
.2530E+04 .1424E-18
.2535E+04 .3596E-21
.2540E+04 .4921E-20
.2545E+04 .7697E-26
.2550E+04 .1563E-37
.2555E+04 .3072E-25
.2560E+04 .1575E-25
.2565E+04 .1230E-33
.2570E+04 .0000E+00
.2575E+04 .0000E+00
.2580E+04 .0000E+00
.2585E+04 .0000E+00
.2590E+04 .0000E+00
.2595E+04 .0000E+00
.2600E+04 .0000E+00
.2605E+04 .0000E+00
.2610E+04 .0000E+00
.2615E+04 .0000E+00
.2620E+04 .0000E+00
.2625E+04 .0000E+00
.2630E+04 .0000E+00
.2635E+04 .9620E-39
.2640E+04 .1401E-44
.2645E+04 .0000E+00
.2650E+04 .0000E+00
.2655E+04 .0000E+00
.2660E+04 .0000E+00
.2665E+04 .0000E+00
.2670E+04 .0000E+00
.2675E+04 .0000E+00
.2680E+04 .0000E+00
.2685E+04 .0000E+00
.2690E+04 .0000E+00
.2695E+04 .0000E+00
.2700E+04 .0000E+00
.2705E+04 .0000E+00
.2710E+04 .0000E+00
.2715E+04 .0000E+00
.2720E+04 .0000E+00
.2725E+04 .0000E+00
.2730E+04 .0000E+00
.2735E+04 .0000E+00
.2740E+04 .0000E+00
.2745E+04 .0000E+00
.2750E+04 .0000E+00
.2755E+04 .0000E+00
.2760E+04 .0000E+00
.2765E+04 .0000E+00
.2770E+04 .0000E+00
.2775E+04 .0000E+00
.2780E+04 .0000E+00
.2785E+04 .0000E+00
.2790E+04 .2632E-36
.2795E+04 .1594E-39
.2800E+04 .4721E-16
.2805E+04 .5382E-28
.2810E+04 .1956E-24
.2815E+04 .1968E-24
.2820E+04 .1035E-25
.2825E+04 .7697E-19
.2830E+04 .7388E-16
.2835E+04 .2055E-25
.2840E+04 .4239E-15
.2845E+04 .2841E-13
.2850E+04 .1795E-17
.2855E+04 .1136E-16
.2860E+04 .6839E-13
.2865E+04 .1248E-11
.2870E+04 .1381E-14
.2875E+04 .1059E-10
.2880E+04 .1531E-10
.2885E+04 .1784E-10
.2890E+04 .1905E-10
.2895E+04 .8132E-08
.2900E+04 .3038E-09
.2905E+04 .2142E-11
.2910E+04 .1403E-07
.2915E+04 .3675E-08
.2920E+04 .1203E-07
.2925E+04 .5956E-07
.2930E+04 .6100E-06
.2935E+04 .1207E-05
.2940E+04 .2537E-07
.2945E+04 .8469E-09
.2950E+04 .4104E-06
.2955E+04 .2368E-06
.2960E+04 .2196E-05
.2965E+04 .1687E-04
.2970E+04 .2380E-09
.2975E+04 .2305E-07
.2980E+04 .5979E-07
.2985E+04 .1441E-04
.2990E+04 .1303E-03
.2995E+04 .1882E-05
.3000E+04 .2344E-04
.3005E+04 .1581E-05
.3010E+04 .3028E-04
.3015E+04 .5510E-05
.3020E+04 .8460E-10
.3025E+04 .1574E-04
.3030E+04 .1178E-04
.3035E+04 .9144E-07
.3040E+04 .7850E-06
.3045E+04 .8444E-06
.3050E+04 .3230E-07
.3055E+04 .3213E-09
.3060E+04 .1034E-04
.3065E+04 .9370E-06
.3070E+04 .4801E-07
.3075E+04 .8871E-05
.3080E+04 .8903E-06
.3085E+04 .1504E-07
.3090E+04 .1299E-06
.3095E+04 .1831E-08
.3100E+04 .2666E-05
.3105E+04 .1816E-06
.3110E+04 .1853E-09
.3115E+04 .1774E-07
.3120E+04 .5812E-04
.3125E+04 .1303E-04
.3130E+04 .2920E-04
.3135E+04 .1342E-03
.3140E+04 .2965E-05
.3145E+04 .2837E-05
.3150E+04 .4753E-04
.3155E+04 .3895E-04
.3160E+04 .2076E-03
.3165E+04 .9666E-03
.3170E+04 .6737E-03
.3175E+04 .2299E-03
.3180E+04 .3763E-03
.3185E+04 .5278E-04
.3190E+04 .1611E-04
.3195E+04 .1544E-06
.3200E+04 .6557E-10
.3205E+04 .1887E-10
.3210E+04 .2194E-10
.3215E+04 .4554E-09
.3220E+04 .8571E-08
.3225E+04 .1840E-08
.3230E+04 .2870E-08
.3235E+04 .2207E-04
.3240E+04 .1444E-05
.3245E+04 .3444E-06
.3250E+04 .2745E-05
.3255E+04 .8559E-04
.3260E+04 .7813E-06
.3265E+04 .7108E-07
.3270E+04 .9184E-08
.3275E+04 .1248E-04
.3280E+04 .2760E-05
.3285E+04 .2052E-03
.3290E+04 .9408E-04
.3295E+04 .6554E-06
.3300E+04 .2643E-06
.3305E+04 .2151E-05
.3310E+04 .8734E-05
.3315E+04 .1602E-10
.3320E+04 .2268E-10
.3325E+04 .3707E-05
.3330E+04 .9788E-04
.3335E+04 .2783E-03
.3340E+04 .3756E-04
.3345E+04 .1320E-04
.3350E+04 .2146E-03
.3355E+04 .1749E-04
.3360E+04 .5370E-04
.3365E+04 .3481E-03
.3370E+04 .2154E-04
.3375E+04 .6443E-03
.3380E+04 .1261E-03
.3385E+04 .6012E-03
.3390E+04 .1254E-02
.3395E+04 .1361E-02
.3400E+04 .3087E-02
.3405E+04 .9570E-04
.3410E+04 .7167E-03
.3415E+04 .6590E-03
.3420E+04 .4609E-02
.3425E+04 .1882E-02
.3430E+04 .1249E-02
.3435E+04 .3170E-02
.3440E+04 .8089E-03
.3445E+04 .3173E-02
.3450E+04 .3394E-02
.3455E+04 .1177E-02
.3460E+04 .4867E-02
.3465E+04 .2099E-02
.3470E+04 .4881E-02
.3475E+04 .2850E-02
.3480E+04 .3583E-02
.3485E+04 .4870E-02
.3490E+04 .2415E-02
.3495E+04 .5040E-02
.3500E+04 .4333E-02
.3505E+04 .4638E-02
.3510E+04 .4274E-02
.3515E+04 .3328E-02
.3520E+04 .4617E-02
.3525E+04 .4514E-02
.3530E+04 .3618E-02
.3535E+04 .2004E-02
.3540E+04 .1776E-02
.3545E+04 .1824E-02
.3550E+04 .3378E-02
.3555E+04 .1562E-02
.3560E+04 .4009E-02
.3565E+04 .4119E-02
.3570E+04 .1414E-02
.3575E+04 .1497E-02
.3580E+04 .3810E-02
.3585E+04 .1951E-02
.3590E+04 .2380E-02
.3595E+04 .3376E-02
.3600E+04 .3968E-02
.3605E+04 .4106E-02
.3610E+04 .2566E-02
.3615E+04 .3097E-02
.3620E+04 .6279E-02
.3625E+04 .3807E-02
.3630E+04 .3653E-02
.3635E+04 .3733E-02
.3640E+04 .6137E-02
.3645E+04 .4547E-02
.3650E+04 .4171E-02
.3655E+04 .4969E-02
.3660E+04 .5333E-02
.3665E+04 .3790E-02
.3670E+04 .1703E-02
.3675E+04 .1731E-03
.3680E+04 .1203E-02
.3685E+04 .2732E-02
.3690E+04 .2734E-02
.3695E+04 .4003E-02
.3700E+04 .5937E-02
.3705E+04 .5731E-02
.3710E+04 .3556E-02
.3715E+04 .3705E-02
.3720E+04 .4955E-02
.3725E+04 .6077E-02
.3730E+04 .3883E-02
.3735E+04 .2316E-02
.3740E+04 .3270E-02
.3745E+04 .5488E-02
.3750E+04 .4135E-02
.3755E+04 .3406E-02
.3760E+04 .2699E-02
.3765E+04 .2971E-02
.3770E+04 .3814E-02
.3775E+04 .3703E-02
.3780E+04 .4598E-02
.3785E+04 .3282E-02
.3790E+04 .2151E-02
.3795E+04 .3988E-02
.3800E+04 .5872E-02
.3805E+04 .4579E-02
.3810E+04 .2543E-02
.3815E+04 .2403E-02
.3820E+04 .5703E-02
.3825E+04 .5582E-02
.3830E+04 .5402E-02
.3835E+04 .2025E-02
.3840E+04 .4445E-02
.3845E+04 .4268E-02
.3850E+04 .4474E-02
.3855E+04 .3685E-02
.3860E+04 .2767E-02
.3865E+04 .3497E-02
.3870E+04 .2542E-02
.3875E+04 .1884E-02
.3880E+04 .1779E-02
.3885E+04 .2120E-02
.3890E+04 .2013E-02
.3895E+04 .3084E-02
.3900E+04 .3070E-02
.3905E+04 .3631E-02
.3910E+04 .2686E-02
.3915E+04 .2473E-02
.3920E+04 .2417E-02
.3925E+04 .2146E-02
.3930E+04 .2688E-02
.3935E+04 .3252E-02
.3940E+04 .3291E-02
.3945E+04 .3334E-02
.3950E+04 .3537E-02
.3955E+04 .3942E-02
.3960E+04 .3912E-02
.3965E+04 .4067E-02
.3970E+04 .3838E-02
.3975E+04 .3559E-02
.3980E+04 .3528E-02
.3985E+04 .3643E-02
.3990E+04 .3571E-02
.3995E+04 .3436E-02
.4000E+04 .3234E-02
