Wvlgth Global_tilted_irradiance
.2800E+03 .5777E-21
.2810E+03 .1303E-18
.2820E+03 .1847E-18
.2830E+03 .1418E-17
.2840E+03 .3693E-16
.2850E+03 .1915E-15
.2860E+03 .5881E-14
.2870E+03 .6691E-13
.2880E+03 .1358E-11
.2890E+03 .1061E-10
.2900E+03 .1504E-09
.2910E+03 .8763E-09
.2920E+03 .7853E-08
.2930E+03 .4057E-07
.2940E+03 .1965E-06
.2950E+03 .8219E-06
.2960E+03 .3387E-05
.2970E+03 .1071E-04
.2980E+03 .3243E-04
.2990E+03 .1226E-03
.3000E+03 .1467E-03
.3010E+03 .6807E-03
.3020E+03 .6522E-03
.3030E+03 .3552E-02
.3040E+03 .3380E-02
.3050E+03 .8825E-02
.3060E+03 .9118E-02
.3070E+03 .1637E-01
.3080E+03 .2439E-01
.3090E+03 .2288E-01
.3100E+03 .3139E-01
.3110E+03 .5840E-01
.3120E+03 .6238E-01
.3130E+03 .7408E-01
.3140E+03 .1005E+00
.3150E+03 .1100E+00
.3160E+03 .8301E-01
.3170E+03 .1447E+00
.3180E+03 .1150E+00
.3190E+03 .1731E+00
.3200E+03 .1710E+00
.3210E+03 .1838E+00
.3220E+03 .1951E+00
.3230E+03 .1647E+00
.3240E+03 .2336E+00
.3250E+03 .2070E+00
.3260E+03 .3164E+00
.3270E+03 .3161E+00
.3280E+03 .2708E+00
.3290E+03 .3374E+00
.3300E+03 .3795E+00
.3310E+03 .3168E+00
.3320E+03 .3431E+00
.3330E+03 .3190E+00
.3340E+03 .3145E+00
.3350E+03 .3267E+00
.3360E+03 .2672E+00
.3370E+03 .2577E+00
.3380E+03 .3152E+00
.3390E+03 .3349E+00
.3400E+03 .3920E+00
.3410E+03 .3331E+00
.3420E+03 .3689E+00
.3430E+03 .4002E+00
.3440E+03 .2702E+00
.3450E+03 .3571E+00
.3460E+03 .3051E+00
.3470E+03 .3661E+00
.3480E+03 .3318E+00
.3490E+03 .3073E+00
.3500E+03 .3989E+00
.3510E+03 .3564E+00
.3520E+03 .3822E+00
.3530E+03 .3865E+00
.3540E+03 .3863E+00
.3550E+03 .3893E+00
.3560E+03 .3952E+00
.3570E+03 .2567E+00
.3580E+03 .2569E+00
.3590E+03 .3240E+00
.3600E+03 .4392E+00
.3610E+03 .3006E+00
.3620E+03 .3073E+00
.3630E+03 .3772E+00
.3640E+03 .4318E+00
.3650E+03 .3475E+00
.3660E+03 .4730E+00
.3670E+03 .4444E+00
.3680E+03 .3906E+00
.3690E+03 .4371E+00
.3700E+03 .4978E+00
.3710E+03 .4264E+00
.3720E+03 .3253E+00
.3730E+03 .4126E+00
.3740E+03 .3960E+00
.3750E+03 .3231E+00
.3760E+03 .3709E+00
.3770E+03 .4195E+00
.3780E+03 .5638E+00
.3790E+03 .4321E+00
.3800E+03 .3796E+00
.3810E+03 .4772E+00
.3820E+03 .3402E+00
.3830E+03 .2762E+00
.3840E+03 .2823E+00
.3850E+03 .4068E+00
.3860E+03 .3346E+00
.3870E+03 .3682E+00
.3880E+03 .3762E+00
.3890E+03 .3985E+00
.3900E+03 .4889E+00
.3910E+03 .5347E+00
.3920E+03 .4373E+00
.3930E+03 .2327E+00
.3940E+03 .3503E+00
.3950E+03 .5358E+00
.3960E+03 .4497E+00
.3970E+03 .2122E+00
.3980E+03 .5582E+00
.3990E+03 .6628E+00
.4000E+03 .6357E+00
.4010E+03 .6580E+00
.4020E+03 .7371E+00
.4030E+03 .7338E+00
.4040E+03 .6885E+00
.4050E+03 .6640E+00
.4060E+03 .6960E+00
.4070E+03 .7305E+00
.4080E+03 .6790E+00
.4090E+03 .7161E+00
.4100E+03 .6320E+00
.4110E+03 .6979E+00
.4120E+03 .8041E+00
.4130E+03 .6903E+00
.4140E+03 .7263E+00
.4150E+03 .7648E+00
.4160E+03 .8420E+00
.4170E+03 .8001E+00
.4180E+03 .7617E+00
.4190E+03 .7664E+00
.4200E+03 .7403E+00
.4210E+03 .7819E+00
.4220E+03 .7348E+00
.4230E+03 .7295E+00
.4240E+03 .7461E+00
.4250E+03 .7775E+00
.4260E+03 .8418E+00
.4270E+03 .7892E+00
.4280E+03 .7164E+00
.4290E+03 .7482E+00
.4300E+03 .6635E+00
.4310E+03 .5900E+00
.4320E+03 .8350E+00
.4330E+03 .8487E+00
.4340E+03 .7380E+00
.4350E+03 .7062E+00
.4360E+03 .8607E+00
.4370E+03 .9393E+00
.4380E+03 .9046E+00
.4390E+03 .7528E+00
.4400E+03 .8365E+00
.4410E+03 .9904E+00
.4420E+03 .1104E+01
.4430E+03 .1029E+01
.4440E+03 .9956E+00
.4450E+03 .8713E+00
.4460E+03 .9437E+00
.4470E+03 .1051E+01
.4480E+03 .8661E+00
.4490E+03 .1026E+01
.4500E+03 .1123E+01
.4510E+03 .1147E+01
.4520E+03 .1096E+01
.4530E+03 .1030E+01
.4540E+03 .1140E+01
.4550E+03 .1094E+01
.4560E+03 .1156E+01
.4570E+03 .1203E+01
.4580E+03 .1058E+01
.4590E+03 .1125E+01
.4600E+03 .1095E+01
.4610E+03 .1129E+01
.4620E+03 .1209E+01
.4630E+03 .1052E+01
.4640E+03 .1099E+01
.4650E+03 .1175E+01
.4660E+03 .1258E+01
.4670E+03 .1111E+01
.4680E+03 .1154E+01
.4690E+03 .1222E+01
.4700E+03 .1195E+01
.4710E+03 .1205E+01
.4720E+03 .1244E+01
.4730E+03 .1219E+01
.4740E+03 .1086E+01
.4750E+03 .1124E+01
.4760E+03 .1190E+01
.4770E+03 .1230E+01
.4780E+03 .1270E+01
.4790E+03 .1228E+01
.4800E+03 .1192E+01
.4810E+03 .1253E+01
.4820E+03 .1310E+01
.4830E+03 .1364E+01
.4840E+03 .1335E+01
.4850E+03 .1248E+01
.4860E+03 .1085E+01
.4870E+03 .1161E+01
.4880E+03 .1191E+01
.4890E+03 .1099E+01
.4900E+03 .1259E+01
.4910E+03 .1334E+01
.4920E+03 .1252E+01
.4930E+03 .1274E+01
.4940E+03 .1236E+01
.4950E+03 .1237E+01
.4960E+03 .1248E+01
.4970E+03 .1316E+01
.4980E+03 .1334E+01
.4990E+03 .1392E+01
.5000E+03 .1372E+01
.5010E+03 .1320E+01
.5020E+03 .1258E+01
.5030E+03 .1266E+01
.5040E+03 .1240E+01
.5050E+03 .1223E+01
.5060E+03 .1354E+01
.5070E+03 .1313E+01
.5080E+03 .1280E+01
.5090E+03 .1268E+01
.5100E+03 .1238E+01
.5110E+03 .1296E+01
.5120E+03 .1324E+01
.5130E+03 .1280E+01
.5140E+03 .1310E+01
.5150E+03 .1319E+01
.5160E+03 .1324E+01
.5170E+03 .1195E+01
.5180E+03 .1225E+01
.5190E+03 .1256E+01
.5200E+03 .1307E+01
.5210E+03 .1354E+01
.5220E+03 .1369E+01
.5230E+03 .1337E+01
.5240E+03 .1381E+01
.5250E+03 .1318E+01
.5260E+03 .1266E+01
.5270E+03 .1226E+01
.5280E+03 .1305E+01
.5290E+03 .1406E+01
.5300E+03 .1386E+01
.5310E+03 .1409E+01
.5320E+03 .1350E+01
.5330E+03 .1318E+01
.5340E+03 .1391E+01
.5350E+03 .1456E+01
.5360E+03 .1479E+01
.5370E+03 .1427E+01
.5380E+03 .1422E+01
.5390E+03 .1389E+01
.5400E+03 .1369E+01
.5410E+03 .1383E+01
.5420E+03 .1368E+01
.5430E+03 .1345E+01
.5440E+03 .1389E+01
.5450E+03 .1364E+01
.5460E+03 .1401E+01
.5470E+03 .1406E+01
.5480E+03 .1368E+01
.5490E+03 .1372E+01
.5500E+03 .1419E+01
.5510E+03 .1424E+01
.5520E+03 .1431E+01
.5530E+03 .1386E+01
.5540E+03 .1438E+01
.5550E+03 .1467E+01
.5560E+03 .1465E+01
.5570E+03 .1416E+01
.5580E+03 .1404E+01
.5590E+03 .1392E+01
.5600E+03 .1408E+01
.5610E+03 .1417E+01
.5620E+03 .1399E+01
.5630E+03 .1413E+01
.5640E+03 .1344E+01
.5650E+03 .1345E+01
.5660E+03 .1373E+01
.5670E+03 .1407E+01
.5680E+03 .1368E+01
.5690E+03 .1339E+01
.5700E+03 .1334E+01
.5710E+03 .1307E+01
.5720E+03 .1344E+01
.5730E+03 .1388E+01
.5740E+03 .1406E+01
.5750E+03 .1390E+01
.5760E+03 .1392E+01
.5770E+03 .1410E+01
.5780E+03 .1382E+01
.5790E+03 .1367E+01
.5800E+03 .1395E+01
.5810E+03 .1418E+01
.5820E+03 .1452E+01
.5830E+03 .1454E+01
.5840E+03 .1460E+01
.5850E+03 .1402E+01
.5860E+03 .1374E+01
.5870E+03 .1406E+01
.5880E+03 .1368E+01
.5890E+03 .1188E+01
.5900E+03 .1228E+01
.5910E+03 .1308E+01
.5920E+03 .1271E+01
.5930E+03 .1305E+01
.5940E+03 .1323E+01
.5950E+03 .1299E+01
.5960E+03 .1370E+01
.5970E+03 .1353E+01
.5980E+03 .1352E+01
.5990E+03 .1351E+01
.6000E+03 .1350E+01
.6010E+03 .1344E+01
.6020E+03 .1343E+01
.6030E+03 .1382E+01
.6040E+03 .1414E+01
.6050E+03 .1407E+01
.6060E+03 .1404E+01
.6070E+03 .1420E+01
.6080E+03 .1403E+01
.6090E+03 .1408E+01
.6100E+03 .1396E+01
.6110E+03 .1395E+01
.6120E+03 .1370E+01
.6130E+03 .1351E+01
.6140E+03 .1346E+01
.6150E+03 .1383E+01
.6160E+03 .1330E+01
.6170E+03 .1321E+01
.6180E+03 .1383E+01
.6190E+03 .1378E+01
.6200E+03 .1377E+01
.6210E+03 .1374E+01
.6220E+03 .1353E+01
.6230E+03 .1315E+01
.6240E+03 .1300E+01
.6250E+03 .1311E+01
.6260E+03 .1337E+01
.6270E+03 .1354E+01
.6280E+03 .1277E+01
.6290E+03 .1330E+01
.6300E+03 .1309E+01
.6310E+03 .1337E+01
.6320E+03 .1317E+01
.6330E+03 .1364E+01
.6340E+03 .1350E+01
.6350E+03 .1372E+01
.6360E+03 .1351E+01
.6370E+03 .1371E+01
.6380E+03 .1385E+01
.6390E+03 .1372E+01
.6400E+03 .1358E+01
.6410E+03 .1357E+01
.6420E+03 .1347E+01
.6430E+03 .1362E+01
.6440E+03 .1364E+01
.6450E+03 .1364E+01
.6460E+03 .1321E+01
.6470E+03 .1287E+01
.6480E+03 .1290E+01
.6490E+03 .1277E+01
.6500E+03 .1296E+01
.6510E+03 .1353E+01
.6520E+03 .1278E+01
.6530E+03 .1339E+01
.6540E+03 .1326E+01
.6550E+03 .1267E+01
.6560E+03 .1126E+01
.6570E+03 .1156E+01
.6580E+03 .1299E+01
.6590E+03 .1305E+01
.6600E+03 .1301E+01
.6610E+03 .1297E+01
.6620E+03 .1288E+01
.6630E+03 .1272E+01
.6640E+03 .1304E+01
.6650E+03 .1312E+01
.6660E+03 .1321E+01
.6670E+03 .1325E+01
.6680E+03 .1327E+01
.6690E+03 .1349E+01
.6700E+03 .1343E+01
.6710E+03 .1346E+01
.6720E+03 .1334E+01
.6730E+03 .1352E+01
.6740E+03 .1348E+01
.6750E+03 .1337E+01
.6760E+03 .1346E+01
.6770E+03 .1332E+01
.6780E+03 .1338E+01
.6790E+03 .1316E+01
.6800E+03 .1327E+01
.6810E+03 .1320E+01
.6820E+03 .1320E+01
.6830E+03 .1318E+01
.6840E+03 .1311E+01
.6850E+03 .1323E+01
.6860E+03 .1314E+01
.6870E+03 .9295E+00
.6880E+03 .1064E+01
.6890E+03 .1067E+01
.6900E+03 .1110E+01
.6910E+03 .1156E+01
.6920E+03 .1180E+01
.6930E+03 .1140E+01
.6940E+03 .1115E+01
.6950E+03 .1174E+01
.6960E+03 .1176E+01
.6970E+03 .1270E+01
.6980E+03 .1250E+01
.6990E+03 .1204E+01
.7000E+03 .1187E+01
.7010E+03 .1168E+01
.7020E+03 .1183E+01
.7030E+03 .1185E+01
.7040E+03 .1232E+01
.7050E+03 .1228E+01
.7060E+03 .1233E+01
.7070E+03 .1233E+01
.7080E+03 .1238E+01
.7090E+03 .1249E+01
.7100E+03 .1244E+01
.7110E+03 .1244E+01
.7120E+03 .1244E+01
.7130E+03 .1229E+01
.7140E+03 .1234E+01
.7150E+03 .1187E+01
.7160E+03 .1184E+01
.7170E+03 .9665E+00
.7180E+03 .8684E+00
.7190E+03 .8041E+00
.7200E+03 .8366E+00
.7210E+03 .9630E+00
.7220E+03 .1137E+01
.7230E+03 .1038E+01
.7240E+03 .9140E+00
.7250E+03 .8832E+00
.7260E+03 .9314E+00
.7270E+03 .9607E+00
.7280E+03 .8862E+00
.7290E+03 .9407E+00
.7300E+03 .9890E+00
.7310E+03 .9410E+00
.7320E+03 .1031E+01
.7330E+03 .1113E+01
.7340E+03 .1145E+01
.7350E+03 .1117E+01
.7360E+03 .1116E+01
.7370E+03 .1120E+01
.7380E+03 .1150E+01
.7390E+03 .1127E+01
.7400E+03 .1163E+01
.7410E+03 .1156E+01
.7420E+03 .1161E+01
.7430E+03 .1191E+01
.7440E+03 .1190E+01
.7450E+03 .1192E+01
.7460E+03 .1197E+01
.7470E+03 .1202E+01
.7480E+03 .1200E+01
.7490E+03 .1187E+01
.7500E+03 .1186E+01
.7510E+03 .1174E+01
.7520E+03 .1179E+01
.7530E+03 .1186E+01
.7540E+03 .1188E+01
.7550E+03 .1182E+01
.7560E+03 .1182E+01
.7570E+03 .1184E+01
.7580E+03 .1170E+01
.7590E+03 .1149E+01
.7600E+03 .2466E+00
.7610E+03 .1414E+00
.7620E+03 .6451E+00
.7630E+03 .3554E+00
.7640E+03 .5050E+00
.7650E+03 .6452E+00
.7660E+03 .7652E+00
.7670E+03 .9391E+00
.7680E+03 .1063E+01
.7690E+03 .1081E+01
.7700E+03 .1112E+01
.7710E+03 .1119E+01
.7720E+03 .1121E+01
.7730E+03 .1129E+01
.7740E+03 .1123E+01
.7750E+03 .1114E+01
.7760E+03 .1128E+01
.7770E+03 .1113E+01
.7780E+03 .1106E+01
.7790E+03 .1107E+01
.7800E+03 .1101E+01
.7810E+03 .1102E+01
.7820E+03 .1109E+01
.7830E+03 .1090E+01
.7840E+03 .1095E+01
.7850E+03 .1086E+01
.7860E+03 .1097E+01
.7870E+03 .1070E+01
.7880E+03 .1052E+01
.7890E+03 .1048E+01
.7900E+03 .1012E+01
.7910E+03 .1029E+01
.7920E+03 .1024E+01
.7930E+03 .1006E+01
.7940E+03 .1037E+01
.7950E+03 .1051E+01
.7960E+03 .1003E+01
.7970E+03 .1003E+01
.7980E+03 .1047E+01
.7990E+03 .1037E+01
.8000E+03 .1015E+01
.8010E+03 .1010E+01
.8020E+03 .1007E+01
.8030E+03 .9971E+00
.8040E+03 .1000E+01
.8050E+03 .1002E+01
.8060E+03 .1036E+01
.8070E+03 .1023E+01
.8080E+03 .1025E+01
.8090E+03 .1000E+01
.8100E+03 .9844E+00
.8110E+03 .9815E+00
.8120E+03 .9426E+00
.8130E+03 .9182E+00
.8140E+03 .7781E+00
.8150E+03 .7748E+00
.8160E+03 .7152E+00
.8170E+03 .7358E+00
.8180E+03 .7024E+00
.8190E+03 .8148E+00
.8200E+03 .7567E+00
.8210E+03 .9169E+00
.8220E+03 .8829E+00
.8230E+03 .5476E+00
.8240E+03 .8392E+00
.8250E+03 .8996E+00
.8260E+03 .8555E+00
.8270E+03 .9122E+00
.8280E+03 .7412E+00
.8290E+03 .8505E+00
.8300E+03 .8315E+00
.8310E+03 .8355E+00
.8320E+03 .8024E+00
.8330E+03 .8754E+00
.8340E+03 .8327E+00
.8350E+03 .9406E+00
.8360E+03 .8821E+00
.8370E+03 .9440E+00
.8380E+03 .9057E+00
.8390E+03 .9314E+00
.8400E+03 .9541E+00
.8410E+03 .9368E+00
.8420E+03 .9448E+00
.8430E+03 .9502E+00
.8440E+03 .9331E+00
.8450E+03 .9699E+00
.8460E+03 .9668E+00
.8470E+03 .9508E+00
.8480E+03 .9422E+00
.8490E+03 .9155E+00
.8500E+03 .8776E+00
.8510E+03 .9265E+00
.8520E+03 .9211E+00
.8530E+03 .8893E+00
.8540E+03 .7655E+00
.8550E+03 .8443E+00
.8560E+03 .9210E+00
.8570E+03 .9438E+00
.8580E+03 .9359E+00
.8590E+03 .9376E+00
.8600E+03 .9404E+00
.8610E+03 .9348E+00
.8620E+03 .9501E+00
.8630E+03 .9725E+00
.8640E+03 .9238E+00
.8650E+03 .9159E+00
.8660E+03 .8236E+00
.8670E+03 .8595E+00
.8680E+03 .9354E+00
.8690E+03 .9160E+00
.8700E+03 .9421E+00
.8710E+03 .9292E+00
.8720E+03 .9261E+00
.8730E+03 .9243E+00
.8740E+03 .9133E+00
.8750E+03 .8947E+00
.8760E+03 .9037E+00
.8770E+03 .9132E+00
.8780E+03 .9224E+00
.8790E+03 .9084E+00
.8800E+03 .8892E+00
.8810E+03 .8741E+00
.8820E+03 .8929E+00
.8830E+03 .8964E+00
.8840E+03 .8924E+00
.8850E+03 .8992E+00
.8860E+03 .8520E+00
.8870E+03 .8647E+00
.8880E+03 .8741E+00
.8890E+03 .8897E+00
.8900E+03 .8762E+00
.8910E+03 .8766E+00
.8920E+03 .8459E+00
.8930E+03 .8131E+00
.8940E+03 .7691E+00
.8950E+03 .7094E+00
.8960E+03 .6545E+00
.8970E+03 .5412E+00
.8980E+03 .6089E+00
.8990E+03 .4446E+00
.9000E+03 .6415E+00
.9010E+03 .4582E+00
.9020E+03 .5782E+00
.9030E+03 .5796E+00
.9040E+03 .7627E+00
.9050E+03 .7302E+00
.9060E+03 .6789E+00
.9070E+03 .5277E+00
.9080E+03 .5365E+00
.9090E+03 .5928E+00
.9100E+03 .5014E+00
.9110E+03 .5515E+00
.9120E+03 .5785E+00
.9130E+03 .5068E+00
.9140E+03 .5019E+00
.9150E+03 .5454E+00
.9160E+03 .4552E+00
.9170E+03 .6074E+00
.9180E+03 .4617E+00
.9190E+03 .6283E+00
.9200E+03 .6397E+00
.9210E+03 .6772E+00
.9220E+03 .5864E+00
.9230E+03 .6567E+00
.9240E+03 .5967E+00
.9250E+03 .5860E+00
.9260E+03 .5885E+00
.9270E+03 .6768E+00
.9280E+03 .4444E+00
.9290E+03 .3906E+00
.9300E+03 .2874E+00
.9310E+03 .2742E+00
.9320E+03 .1777E+00
.9330E+03 .1366E+00
.9340E+03 .5883E-01
.9350E+03 .1512E+00
.9360E+03 .8178E-01
.9370E+03 .8437E-01
.9380E+03 .1078E+00
.9390E+03 .2709E+00
.9400E+03 .3386E+00
.9410E+03 .2366E+00
.9420E+03 .2845E+00
.9430E+03 .1781E+00
.9440E+03 .2022E+00
.9450E+03 .2475E+00
.9460E+03 .1085E+00
.9470E+03 .2414E+00
.9480E+03 .1799E+00
.9490E+03 .3439E+00
.9500E+03 .6946E-01
.9510E+03 .3410E+00
.9520E+03 .1562E+00
.9530E+03 .2214E+00
.9540E+03 .2873E+00
.9550E+03 .2213E+00
.9560E+03 .2339E+00
.9570E+03 .1536E+00
.9580E+03 .3548E+00
.9590E+03 .2591E+00
.9600E+03 .2875E+00
.9610E+03 .3437E+00
.9620E+03 .3249E+00
.9630E+03 .3901E+00
.9640E+03 .3521E+00
.9650E+03 .3877E+00
.9660E+03 .3800E+00
.9670E+03 .3742E+00
.9680E+03 .5753E+00
.9690E+03 .5921E+00
.9700E+03 .5309E+00
.9710E+03 .6417E+00
.9720E+03 .6124E+00
.9730E+03 .4949E+00
.9740E+03 .4756E+00
.9750E+03 .5054E+00
.9760E+03 .4581E+00
.9770E+03 .5501E+00
.9780E+03 .5107E+00
.9790E+03 .5429E+00
.9800E+03 .5037E+00
.9810E+03 .6418E+00
.9820E+03 .6021E+00
.9830E+03 .5715E+00
.9840E+03 .6742E+00
.9850E+03 .5984E+00
.9860E+03 .6919E+00
.9870E+03 .6709E+00
.9880E+03 .6705E+00
.9890E+03 .6964E+00
.9900E+03 .6661E+00
.9910E+03 .6982E+00
.9920E+03 .7034E+00
.9930E+03 .6787E+00
.9940E+03 .7046E+00
.9950E+03 .7052E+00
.9960E+03 .7000E+00
.9970E+03 .7020E+00
.9980E+03 .6987E+00
.9990E+03 .6962E+00
.1000E+04 .6888E+00
.1001E+04 .7003E+00
.1002E+04 .6717E+00
.1003E+04 .6872E+00
.1004E+04 .6682E+00
.1005E+04 .6470E+00
.1006E+04 .6705E+00
.1007E+04 .6859E+00
.1008E+04 .6801E+00
.1009E+04 .6748E+00
.1010E+04 .6709E+00
.1011E+04 .6827E+00
.1012E+04 .6750E+00
.1013E+04 .6818E+00
.1014E+04 .6771E+00
.1015E+04 .6722E+00
.1016E+04 .6692E+00
.1017E+04 .6704E+00
.1018E+04 .6692E+00
.1019E+04 .6514E+00
.1020E+04 .6652E+00
.1021E+04 .6650E+00
.1022E+04 .6586E+00
.1023E+04 .6653E+00
.1024E+04 .6526E+00
.1025E+04 .6663E+00
.1026E+04 .6626E+00
.1027E+04 .6612E+00
.1028E+04 .6596E+00
.1029E+04 .6515E+00
.1030E+04 .6577E+00
.1031E+04 .6544E+00
.1032E+04 .6534E+00
.1033E+04 .6435E+00
.1034E+04 .6439E+00
.1035E+04 .6461E+00
.1036E+04 .6491E+00
.1037E+04 .6386E+00
.1038E+04 .6417E+00
.1039E+04 .6412E+00
.1040E+04 .6388E+00
.1041E+04 .6414E+00
.1042E+04 .6371E+00
.1043E+04 .6352E+00
.1044E+04 .6375E+00
.1045E+04 .6289E+00
.1046E+04 .6220E+00
.1047E+04 .6277E+00
.1048E+04 .6312E+00
.1049E+04 .6284E+00
.1050E+04 .6254E+00
.1051E+04 .6252E+00
.1052E+04 .6225E+00
.1053E+04 .6177E+00
.1054E+04 .6194E+00
.1055E+04 .6199E+00
.1056E+04 .6178E+00
.1057E+04 .6161E+00
.1058E+04 .6010E+00
.1059E+04 .6016E+00
.1060E+04 .6010E+00
.1061E+04 .6003E+00
.1062E+04 .6030E+00
.1063E+04 .5969E+00
.1064E+04 .6047E+00
.1065E+04 .5990E+00
.1066E+04 .5884E+00
.1067E+04 .5952E+00
.1068E+04 .5813E+00
.1069E+04 .5625E+00
.1070E+04 .5791E+00
.1071E+04 .5920E+00
.1072E+04 .5812E+00
.1073E+04 .5738E+00
.1074E+04 .5916E+00
.1075E+04 .5518E+00
.1076E+04 .5890E+00
.1077E+04 .5732E+00
.1078E+04 .5593E+00
.1079E+04 .5800E+00
.1080E+04 .5601E+00
.1081E+04 .5399E+00
.1082E+04 .5556E+00
.1083E+04 .5595E+00
.1084E+04 .5360E+00
.1085E+04 .5620E+00
.1086E+04 .4992E+00
.1087E+04 .5259E+00
.1088E+04 .5550E+00
.1089E+04 .5306E+00
.1090E+04 .5143E+00
.1091E+04 .5496E+00
.1092E+04 .5523E+00
.1093E+04 .4448E+00
.1094E+04 .4988E+00
.1095E+04 .4644E+00
.1096E+04 .4380E+00
.1097E+04 .5376E+00
.1098E+04 .4270E+00
.1099E+04 .4494E+00
.1100E+04 .4091E+00
.1101E+04 .4172E+00
.1102E+04 .3919E+00
.1103E+04 .3835E+00
.1104E+04 .3845E+00
.1105E+04 .4335E+00
.1106E+04 .2962E+00
.1107E+04 .4079E+00
.1108E+04 .3230E+00
.1109E+04 .3185E+00
.1110E+04 .3857E+00
.1111E+04 .2413E+00
.1112E+04 .3144E+00
.1113E+04 .1812E+00
.1114E+04 .2027E+00
.1115E+04 .1663E+00
.1116E+04 .1191E+00
.1117E+04 .3295E-01
.1118E+04 .1368E+00
.1119E+04 .5589E-01
.1120E+04 .7003E-01
.1121E+04 .9897E-01
.1122E+04 .3445E-01
.1123E+04 .6478E-01
.1124E+04 .5405E-01
.1125E+04 .7386E-01
.1126E+04 .1840E-01
.1127E+04 .8338E-01
.1128E+04 .4136E-01
.1129E+04 .4392E-01
.1130E+04 .2838E-01
.1131E+04 .1807E+00
.1132E+04 .1352E+00
.1133E+04 .7245E-01
.1134E+04 .1294E-01
.1135E+04 .5939E-02
.1136E+04 .5804E-01
.1137E+04 .1710E+00
.1138E+04 .1191E+00
.1139E+04 .2127E+00
.1140E+04 .1626E+00
.1141E+04 .1182E+00
.1142E+04 .1385E+00
.1143E+04 .2057E+00
.1144E+04 .6082E-01
.1145E+04 .7226E-01
.1146E+04 .7679E-01
.1147E+04 .2004E-01
.1148E+04 .1791E+00
.1149E+04 .1339E+00
.1150E+04 .6792E-01
.1151E+04 .1164E+00
.1152E+04 .1579E+00
.1153E+04 .1602E+00
.1154E+04 .6443E-01
.1155E+04 .2150E+00
.1156E+04 .1879E+00
.1157E+04 .2215E+00
.1158E+04 .2178E+00
.1159E+04 .2431E+00
.1160E+04 .1972E+00
.1161E+04 .2513E+00
.1162E+04 .2564E+00
.1163E+04 .3940E+00
.1164E+04 .3108E+00
.1165E+04 .2936E+00
.1166E+04 .2846E+00
.1167E+04 .3226E+00
.1168E+04 .3357E+00
.1169E+04 .3461E+00
.1170E+04 .3877E+00
.1171E+04 .3782E+00
.1172E+04 .3872E+00
.1173E+04 .3880E+00
.1174E+04 .2527E+00
.1175E+04 .3858E+00
.1176E+04 .4352E+00
.1177E+04 .4107E+00
.1178E+04 .2912E+00
.1179E+04 .4425E+00
.1180E+04 .3776E+00
.1181E+04 .3919E+00
.1182E+04 .2505E+00
.1183E+04 .3889E+00
.1184E+04 .3588E+00
.1185E+04 .3387E+00
.1186E+04 .4230E+00
.1187E+04 .3963E+00
.1188E+04 .2527E+00
.1189E+04 .3666E+00
.1190E+04 .4141E+00
.1191E+04 .3799E+00
.1192E+04 .4220E+00
.1193E+04 .3992E+00
.1194E+04 .4156E+00
.1195E+04 .3831E+00
.1196E+04 .3636E+00
.1197E+04 .4195E+00
.1198E+04 .3776E+00
.1199E+04 .3041E+00
.1200E+04 .3946E+00
.1201E+04 .3737E+00
.1202E+04 .3772E+00
.1203E+04 .3683E+00
.1204E+04 .3041E+00
.1205E+04 .3820E+00
.1206E+04 .4361E+00
.1207E+04 .3675E+00
.1208E+04 .3661E+00
.1209E+04 .3756E+00
.1210E+04 .3976E+00
.1211E+04 .3745E+00
.1212E+04 .3603E+00
.1213E+04 .4213E+00
.1214E+04 .3735E+00
.1215E+04 .3654E+00
.1216E+04 .4213E+00
.1217E+04 .4068E+00
.1218E+04 .4131E+00
.1219E+04 .4000E+00
.1220E+04 .4141E+00
.1221E+04 .4224E+00
.1222E+04 .4080E+00
.1223E+04 .4021E+00
.1224E+04 .3975E+00
.1225E+04 .4199E+00
.1226E+04 .4260E+00
.1227E+04 .3833E+00
.1228E+04 .4301E+00
.1229E+04 .4272E+00
.1230E+04 .4180E+00
.1231E+04 .4367E+00
.1232E+04 .4339E+00
.1233E+04 .4102E+00
.1234E+04 .4382E+00
.1235E+04 .4340E+00
.1236E+04 .4386E+00
.1237E+04 .4290E+00
.1238E+04 .4373E+00
.1239E+04 .4317E+00
.1240E+04 .4339E+00
.1241E+04 .4299E+00
.1242E+04 .4309E+00
.1243E+04 .4278E+00
.1244E+04 .4303E+00
.1245E+04 .4327E+00
.1246E+04 .4302E+00
.1247E+04 .4284E+00
.1248E+04 .4272E+00
.1249E+04 .4297E+00
.1250E+04 .4271E+00
.1251E+04 .4220E+00
.1252E+04 .4214E+00
.1253E+04 .4190E+00
.1254E+04 .4139E+00
.1255E+04 .4208E+00
.1256E+04 .4107E+00
.1257E+04 .4089E+00
.1258E+04 .4147E+00
.1259E+04 .4025E+00
.1260E+04 .4036E+00
.1261E+04 .3834E+00
.1262E+04 .3740E+00
.1263E+04 .3737E+00
.1264E+04 .3480E+00
.1265E+04 .3722E+00
.1266E+04 .3602E+00
.1267E+04 .3638E+00
.1268E+04 .3477E+00
.1269E+04 .2291E+00
.1270E+04 .3641E+00
.1271E+04 .3805E+00
.1272E+04 .3820E+00
.1273E+04 .3785E+00
.1274E+04 .3780E+00
.1275E+04 .3851E+00
.1276E+04 .3872E+00
.1277E+04 .3860E+00
.1278E+04 .3970E+00
.1279E+04 .3898E+00
.1280E+04 .3837E+00
.1281E+04 .3662E+00
.1282E+04 .3552E+00
.1283E+04 .3820E+00
.1284E+04 .3878E+00
.1285E+04 .3920E+00
.1286E+04 .3973E+00
.1287E+04 .3875E+00
.1288E+04 .3876E+00
.1289E+04 .3707E+00
.1290E+04 .3836E+00
.1291E+04 .3907E+00
.1292E+04 .3557E+00
.1293E+04 .3784E+00
.1294E+04 .3731E+00
.1295E+04 .3723E+00
.1296E+04 .3474E+00
.1297E+04 .3233E+00
.1298E+04 .3607E+00
.1299E+04 .3816E+00
.1300E+04 .3044E+00
.1301E+04 .3112E+00
.1302E+04 .3596E+00
.1303E+04 .2971E+00
.1304E+04 .2407E+00
.1305E+04 .3486E+00
.1306E+04 .3474E+00
.1307E+04 .2436E+00
.1308E+04 .3077E+00
.1309E+04 .3445E+00
.1310E+04 .2442E+00
.1311E+04 .2868E+00
.1312E+04 .2791E+00
.1313E+04 .2636E+00
.1314E+04 .2363E+00
.1315E+04 .2172E+00
.1316E+04 .2764E+00
.1317E+04 .2641E+00
.1318E+04 .2936E+00
.1319E+04 .2031E+00
.1320E+04 .2089E+00
.1321E+04 .2477E+00
.1322E+04 .2437E+00
.1323E+04 .1705E+00
.1324E+04 .2013E+00
.1325E+04 .2741E+00
.1326E+04 .2225E+00
.1327E+04 .2102E+00
.1328E+04 .1782E+00
.1329E+04 .1216E+00
.1330E+04 .1606E+00
.1331E+04 .8449E-01
.1332E+04 .9216E-01
.1333E+04 .1304E+00
.1334E+04 .1214E+00
.1335E+04 .1702E+00
.1336E+04 .1276E+00
.1337E+04 .1070E+00
.1338E+04 .1150E+00
.1339E+04 .1177E+00
.1340E+04 .1183E+00
.1341E+04 .1045E+00
.1342E+04 .1032E+00
.1343E+04 .5755E-01
.1344E+04 .3852E-01
.1345E+04 .5284E-01
.1346E+04 .1827E-01
.1347E+04 .1734E-01
.1348E+04 .5772E-03
.1349E+04 .2375E-02
.1350E+04 .3049E-02
.1351E+04 .3605E-03
.1352E+04 .4235E-04
.1353E+04 .1254E-05
.1354E+04 .7267E-05
.1355E+04 .1152E-07
.1356E+04 .7955E-06
.1357E+04 .1039E-05
.1358E+04 .1610E-07
.1359E+04 .5157E-09
.1360E+04 .4830E-08
.1361E+04 .3636E-12
.1362E+04 .3918E-15
.1363E+04 .2841E-08
.1364E+04 .1361E-08
.1365E+04 .5659E-16
.1366E+04 .2388E-07
.1367E+04 .1491E-07
.1368E+04 .1898E-19
.1369E+04 .9216E-09
.1370E+04 .2059E-09
.1371E+04 .7009E-11
.1372E+04 .1126E-07
.1373E+04 .3128E-06
.1374E+04 .2511E-05
.1375E+04 .4206E-05
.1376E+04 .8362E-05
.1377E+04 .3737E-05
.1378E+04 .2719E-04
.1379E+04 .1505E-05
.1380E+04 .1137E-05
.1381E+04 .3044E-07
.1382E+04 .6624E-08
.1383E+04 .6414E-10
.1384E+04 .6237E-09
.1385E+04 .9460E-08
.1386E+04 .3118E-08
.1387E+04 .6815E-06
.1388E+04 .4534E-07
.1389E+04 .1061E-04
.1390E+04 .8838E-05
.1391E+04 .5260E-05
.1392E+04 .5287E-06
.1393E+04 .3354E-05
.1394E+04 .4089E-06
.1395E+04 .2200E-08
.1396E+04 .8939E-12
.1397E+04 .1342E-05
.1398E+04 .2046E-04
.1399E+04 .1804E-04
.1400E+04 .2023E-12
.1401E+04 .1872E-11
.1402E+04 .1523E-03
.1403E+04 .1412E-03
.1404E+04 .3877E-04
.1405E+04 .1602E-08
.1406E+04 .4621E-04
.1407E+04 .1146E-04
.1408E+04 .5829E-04
.1409E+04 .1058E-04
.1410E+04 .1924E-04
.1411E+04 .1320E-03
.1412E+04 .2154E-03
.1413E+04 .2308E-02
.1414E+04 .1526E-04
.1415E+04 .6285E-05
.1416E+04 .9102E-02
.1417E+04 .1718E-02
.1418E+04 .2047E-02
.1419E+04 .3162E-03
.1420E+04 .1313E-02
.1421E+04 .1348E-02
.1422E+04 .1263E-01
.1423E+04 .2320E-02
.1424E+04 .4969E-02
.1425E+04 .6213E-02
.1426E+04 .8835E-02
.1427E+04 .2082E-01
.1428E+04 .5082E-03
.1429E+04 .1175E-01
.1430E+04 .2783E-01
.1431E+04 .2292E-01
.1432E+04 .2688E-03
.1433E+04 .1408E-01
.1434E+04 .7958E-02
.1435E+04 .4834E-02
.1436E+04 .1374E-01
.1437E+04 .9091E-02
.1438E+04 .3771E-02
.1439E+04 .1706E-01
.1440E+04 .1415E-01
.1441E+04 .9769E-02
.1442E+04 .1085E-01
.1443E+04 .1753E-01
.1444E+04 .2480E-01
.1445E+04 .1638E-01
.1446E+04 .7170E-02
.1447E+04 .1154E-01
.1448E+04 .6252E-01
.1449E+04 .5150E-01
.1450E+04 .9920E-02
.1451E+04 .3681E-02
.1452E+04 .2803E-01
.1453E+04 .3846E-01
.1454E+04 .8292E-01
.1455E+04 .3366E-01
.1456E+04 .4182E-01
.1457E+04 .6473E-01
.1458E+04 .8878E-01
.1459E+04 .1031E+00
.1460E+04 .4985E-01
.1461E+04 .4509E-01
.1462E+04 .7529E-01
.1463E+04 .2070E-01
.1464E+04 .1008E+00
.1465E+04 .5880E-01
.1466E+04 .2854E-01
.1467E+04 .1309E-01
.1468E+04 .3702E-01
.1469E+04 .4908E-01
.1470E+04 .1837E-01
.1471E+04 .6671E-02
.1472E+04 .1655E-01
.1473E+04 .3099E-01
.1474E+04 .5691E-01
.1475E+04 .1264E+00
.1476E+04 .3349E-01
.1477E+04 .3164E-01
.1478E+04 .3551E-01
.1479E+04 .7284E-01
.1480E+04 .2808E-01
.1481E+04 .6831E-01
.1482E+04 .3021E-01
.1483E+04 .9394E-01
.1484E+04 .9272E-01
.1485E+04 .7849E-01
.1486E+04 .7297E-01
.1487E+04 .2600E-01
.1488E+04 .5861E-01
.1489E+04 .1323E+00
.1490E+04 .1282E+00
.1491E+04 .1530E+00
.1492E+04 .1099E+00
.1493E+04 .1295E+00
.1494E+04 .1565E+00
.1495E+04 .1369E+00
.1496E+04 .1252E+00
.1497E+04 .1959E+00
.1498E+04 .1395E+00
.1499E+04 .1706E+00
.1500E+04 .2155E+00
.1501E+04 .2277E+00
.1502E+04 .1814E+00
.1503E+04 .1466E+00
.1504E+04 .1148E+00
.1505E+04 .1459E+00
.1506E+04 .2341E+00
.1507E+04 .2213E+00
.1508E+04 .2077E+00
.1509E+04 .1473E+00
.1510E+04 .2462E+00
.1511E+04 .2322E+00
.1512E+04 .2351E+00
.1513E+04 .2039E+00
.1514E+04 .1863E+00
.1515E+04 .2432E+00
.1516E+04 .2303E+00
.1517E+04 .2204E+00
.1518E+04 .2211E+00
.1519E+04 .2121E+00
.1520E+04 .2344E+00
.1521E+04 .2600E+00
.1522E+04 .2414E+00
.1523E+04 .2647E+00
.1524E+04 .2536E+00
.1525E+04 .2364E+00
.1526E+04 .2414E+00
.1527E+04 .2407E+00
.1528E+04 .2622E+00
.1529E+04 .2473E+00
.1530E+04 .2404E+00
.1531E+04 .2485E+00
.1532E+04 .2625E+00
.1533E+04 .2624E+00
.1534E+04 .2547E+00
.1535E+04 .2504E+00
.1536E+04 .2593E+00
.1537E+04 .2534E+00
.1538E+04 .2610E+00
.1539E+04 .2536E+00
.1540E+04 .2547E+00
.1541E+04 .2568E+00
.1542E+04 .2522E+00
.1543E+04 .2598E+00
.1544E+04 .2555E+00
.1545E+04 .2642E+00
.1546E+04 .2591E+00
.1547E+04 .2567E+00
.1548E+04 .2567E+00
.1549E+04 .2599E+00
.1550E+04 .2577E+00
.1551E+04 .2593E+00
.1552E+04 .2556E+00
.1553E+04 .2561E+00
.1554E+04 .2536E+00
.1555E+04 .2547E+00
.1556E+04 .2544E+00
.1557E+04 .2576E+00
.1558E+04 .2562E+00
.1559E+04 .2545E+00
.1560E+04 .2561E+00
.1561E+04 .2580E+00
.1562E+04 .2541E+00
.1563E+04 .2523E+00
.1564E+04 .2534E+00
.1565E+04 .2544E+00
.1566E+04 .2503E+00
.1567E+04 .2504E+00
.1568E+04 .2449E+00
.1569E+04 .2402E+00
.1570E+04 .2302E+00
.1571E+04 .2183E+00
.1572E+04 .2196E+00
.1573E+04 .2179E+00
.1574E+04 .2199E+00
.1575E+04 .2316E+00
.1576E+04 .2234E+00
.1577E+04 .2087E+00
.1578E+04 .2207E+00
.1579E+04 .2209E+00
.1580E+04 .2293E+00
.1581E+04 .2291E+00
.1582E+04 .2274E+00
.1583E+04 .2306E+00
.1584E+04 .2379E+00
.1585E+04 .2421E+00
.1586E+04 .2399E+00
.1587E+04 .2361E+00
.1588E+04 .2308E+00
.1589E+04 .2237E+00
.1590E+04 .2284E+00
.1591E+04 .2342E+00
.1592E+04 .2404E+00
.1593E+04 .2450E+00
.1594E+04 .2439E+00
.1595E+04 .2412E+00
.1596E+04 .2337E+00
.1597E+04 .2383E+00
.1598E+04 .2402E+00
.1599E+04 .2309E+00
.1600E+04 .2217E+00
.1601E+04 .2103E+00
.1602E+04 .2087E+00
.1603E+04 .2094E+00
.1604E+04 .2118E+00
.1605E+04 .2241E+00
.1606E+04 .2262E+00
.1607E+04 .2209E+00
.1608E+04 .2131E+00
.1609E+04 .2056E+00
.1610E+04 .2064E+00
.1611E+04 .2125E+00
.1612E+04 .2186E+00
.1613E+04 .2217E+00
.1614E+04 .2253E+00
.1615E+04 .2221E+00
.1616E+04 .2200E+00
.1617E+04 .2250E+00
.1618E+04 .2299E+00
.1619E+04 .2256E+00
.1620E+04 .2219E+00
.1621E+04 .2249E+00
.1622E+04 .2285E+00
.1623E+04 .2319E+00
.1624E+04 .2294E+00
.1625E+04 .2281E+00
.1626E+04 .2292E+00
.1627E+04 .2308E+00
.1628E+04 .2302E+00
.1629E+04 .2281E+00
.1630E+04 .2267E+00
.1631E+04 .2256E+00
.1632E+04 .2244E+00
.1633E+04 .2180E+00
.1634E+04 .2232E+00
.1635E+04 .2198E+00
.1636E+04 .2182E+00
.1637E+04 .2152E+00
.1638E+04 .2029E+00
.1639E+04 .2092E+00
.1640E+04 .1993E+00
.1641E+04 .2062E+00
.1642E+04 .2093E+00
.1643E+04 .1992E+00
.1644E+04 .2103E+00
.1645E+04 .2056E+00
.1646E+04 .2020E+00
.1647E+04 .2147E+00
.1648E+04 .2004E+00
.1649E+04 .2078E+00
.1650E+04 .2104E+00
.1651E+04 .1963E+00
.1652E+04 .2081E+00
.1653E+04 .2111E+00
.1654E+04 .2018E+00
.1655E+04 .2123E+00
.1656E+04 .2086E+00
.1657E+04 .2103E+00
.1658E+04 .2132E+00
.1659E+04 .2124E+00
.1660E+04 .2143E+00
.1661E+04 .2122E+00
.1662E+04 .2048E+00
.1663E+04 .2119E+00
.1664E+04 .2093E+00
.1665E+04 .1991E+00
.1666E+04 .1625E+00
.1667E+04 .1974E+00
.1668E+04 .2047E+00
.1669E+04 .2033E+00
.1670E+04 .2090E+00
.1671E+04 .2028E+00
.1672E+04 .2002E+00
.1673E+04 .2054E+00
.1674E+04 .2007E+00
.1675E+04 .1976E+00
.1676E+04 .1977E+00
.1677E+04 .1982E+00
.1678E+04 .1918E+00
.1679E+04 .1974E+00
.1680E+04 .1890E+00
.1681E+04 .1843E+00
.1682E+04 .1943E+00
.1683E+04 .1981E+00
.1684E+04 .1803E+00
.1685E+04 .2008E+00
.1686E+04 .1999E+00
.1687E+04 .1909E+00
.1688E+04 .1991E+00
.1689E+04 .1962E+00
.1690E+04 .1945E+00
.1691E+04 .1720E+00
.1692E+04 .1931E+00
.1693E+04 .2013E+00
.1694E+04 .1914E+00
.1695E+04 .1991E+00
.1696E+04 .1985E+00
.1697E+04 .1561E+00
.1698E+04 .1971E+00
.1699E+04 .1929E+00
.1700E+04 .1865E+00
.1702E+04 .1928E+00
.1705E+04 .1843E+00
.1710E+04 .1741E+00
.1715E+04 .1725E+00
.1720E+04 .1722E+00
.1725E+04 .1588E+00
.1730E+04 .1563E+00
.1735E+04 .1443E+00
.1740E+04 .1473E+00
.1745E+04 .1372E+00
.1750E+04 .1486E+00
.1755E+04 .1329E+00
.1760E+04 .1414E+00
.1765E+04 .1095E+00
.1770E+04 .1136E+00
.1775E+04 .8580E-01
.1780E+04 .7069E-01
.1785E+04 .4682E-01
.1790E+04 .5772E-01
.1795E+04 .2044E-01
.1800E+04 .1652E-01
.1805E+04 .3704E-02
.1810E+04 .2128E-02
.1815E+04 .3807E-03
.1820E+04 .5587E-04
.1825E+04 .8669E-04
.1830E+04 .3610E-07
.1835E+04 .3342E-07
.1840E+04 .1735E-09
.1845E+04 .1067E-07
.1850E+04 .3588E-08
.1855E+04 .7018E-09
.1860E+04 .1710E-06
.1865E+04 .1327E-06
.1870E+04 .1979E-13
.1875E+04 .4431E-13
.1880E+04 .1550E-05
.1885E+04 .8640E-06
.1890E+04 .4150E-05
.1895E+04 .3139E-05
.1900E+04 .3249E-08
.1905E+04 .2794E-08
.1910E+04 .2292E-06
.1915E+04 .4173E-06
.1920E+04 .1237E-04
.1925E+04 .5204E-04
.1930E+04 .3764E-04
.1935E+04 .5361E-03
.1940E+04 .6558E-03
.1945E+04 .3504E-02
.1950E+04 .6666E-02
.1955E+04 .2866E-02
.1960E+04 .1041E-01
.1965E+04 .1565E-01
.1970E+04 .3243E-01
.1975E+04 .4707E-01
.1980E+04 .5874E-01
.1985E+04 .6712E-01
.1990E+04 .6721E-01
.1995E+04 .6581E-01
.2000E+04 .2673E-01
.2005E+04 .8317E-02
.2010E+04 .3013E-01
.2015E+04 .1741E-01
.2020E+04 .3359E-01
.2025E+04 .6239E-01
.2030E+04 .7256E-01
.2035E+04 .8740E-01
.2040E+04 .8017E-01
.2045E+04 .8218E-01
.2050E+04 .5904E-01
.2055E+04 .4548E-01
.2060E+04 .5978E-01
.2065E+04 .5329E-01
.2070E+04 .5713E-01
.2075E+04 .7059E-01
.2080E+04 .8104E-01
.2085E+04 .7952E-01
.2090E+04 .8457E-01
.2095E+04 .8530E-01
.2100E+04 .7965E-01
.2105E+04 .8984E-01
.2110E+04 .8533E-01
.2115E+04 .8824E-01
.2120E+04 .8234E-01
.2125E+04 .8424E-01
.2130E+04 .8564E-01
.2135E+04 .8647E-01
.2140E+04 .8751E-01
.2145E+04 .8656E-01
.2150E+04 .7905E-01
.2155E+04 .7955E-01
.2160E+04 .7892E-01
.2165E+04 .7162E-01
.2170E+04 .7724E-01
.2175E+04 .7443E-01
.2180E+04 .7763E-01
.2185E+04 .6695E-01
.2190E+04 .7426E-01
.2195E+04 .7340E-01
.2200E+04 .6467E-01
.2205E+04 .6805E-01
.2210E+04 .7505E-01
.2215E+04 .7122E-01
.2220E+04 .7376E-01
.2225E+04 .7104E-01
.2230E+04 .7235E-01
.2235E+04 .7022E-01
.2240E+04 .6983E-01
.2245E+04 .6688E-01
.2250E+04 .6875E-01
.2255E+04 .6430E-01
.2260E+04 .6331E-01
.2265E+04 .6496E-01
.2270E+04 .6118E-01
.2275E+04 .6021E-01
.2280E+04 .6298E-01
.2285E+04 .5896E-01
.2290E+04 .5894E-01
.2295E+04 .5730E-01
.2300E+04 .5381E-01
.2305E+04 .5417E-01
.2310E+04 .5867E-01
.2315E+04 .5201E-01
.2320E+04 .4421E-01
.2325E+04 .4792E-01
.2330E+04 .4869E-01
.2335E+04 .5096E-01
.2340E+04 .3600E-01
.2345E+04 .4413E-01
.2350E+04 .3266E-01
.2355E+04 .3959E-01
.2360E+04 .4238E-01
.2365E+04 .4033E-01
.2370E+04 .2092E-01
.2375E+04 .3537E-01
.2380E+04 .3260E-01
.2385E+04 .2119E-01
.2390E+04 .2792E-01
.2395E+04 .3179E-01
.2400E+04 .3500E-01
.2405E+04 .2391E-01
.2410E+04 .2351E-01
.2415E+04 .1774E-01
.2420E+04 .1766E-01
.2425E+04 .2344E-01
.2430E+04 .3457E-01
.2435E+04 .8173E-02
.2440E+04 .3264E-01
.2445E+04 .1255E-01
.2450E+04 .6970E-02
.2455E+04 .1496E-01
.2460E+04 .2255E-01
.2465E+04 .1401E-01
.2470E+04 .7726E-02
.2475E+04 .7502E-02
.2480E+04 .2509E-02
.2485E+04 .1548E-02
.2490E+04 .6262E-03
.2495E+04 .5834E-03
.2500E+04 .1533E-02
.2505E+04 .1967E-03
.2510E+04 .3842E-03
.2515E+04 .5302E-04
.2520E+04 .1239E-04
.2525E+04 .4312E-06
.2530E+04 .3471E-09
.2535E+04 .1993E-10
.2540E+04 .1361E-09
.2545E+04 .1801E-14
.2550E+04 .1417E-18
.2555E+04 .1181E-12
.2560E+04 .4383E-13
.2565E+04 .2367E-18
.2570E+04 .7464E-26
.2575E+04 .7112E-38
.2580E+04 .1567E-31
.2585E+04 .0000E+00
.2590E+04 .1401E-44
.2595E+04 .4233E-40
.2600E+04 .5942E-41
.2605E+04 .5885E-43
.2610E+04 .0000E+00
.2615E+04 .0000E+00
.2620E+04 .4920E-36
.2625E+04 .1331E-42
.2630E+04 .0000E+00
.2635E+04 .1423E-21
.2640E+04 .9551E-24
.2645E+04 .1501E-26
.2650E+04 .1624E-28
.2655E+04 .7040E-40
.2660E+04 .7162E-33
.2665E+04 .0000E+00
.2670E+04 .0000E+00
.2675E+04 .0000E+00
.2680E+04 .0000E+00
.2685E+04 .0000E+00
.2690E+04 .4204E-44
.2695E+04 .2458E-41
.2700E+04 .0000E+00
.2705E+04 .0000E+00
.2710E+04 .1443E-42
.2715E+04 .2546E-40
.2720E+04 .0000E+00
.2725E+04 .8635E-27
.2730E+04 .2061E-30
.2735E+04 .1822E-30
.2740E+04 .2875E-32
.2745E+04 .2451E-34
.2750E+04 .5713E-40
.2755E+04 .0000E+00
.2760E+04 .0000E+00
.2765E+04 .6363E-36
.2770E+04 .2630E-32
.2775E+04 .0000E+00
.2780E+04 .2803E-42
.2785E+04 .1854E-36
.2790E+04 .1926E-22
.2795E+04 .1484E-22
.2800E+04 .1122E-15
.2805E+04 .4515E-17
.2810E+04 .6369E-13
.2815E+04 .5241E-13
.2820E+04 .1680E-14
.2825E+04 .1053E-09
.2830E+04 .1613E-07
.2835E+04 .9057E-14
.2840E+04 .3898E-09
.2845E+04 .7423E-06
.2850E+04 .2715E-08
.2855E+04 .2416E-08
.2860E+04 .6569E-06
.2865E+04 .7705E-05
.2870E+04 .5340E-07
.2875E+04 .2732E-04
.2880E+04 .2028E-04
.2885E+04 .3822E-04
.2890E+04 .1582E-04
.2895E+04 .5678E-03
.2900E+04 .1688E-03
.2905E+04 .5800E-05
.2910E+04 .4331E-03
.2915E+04 .2606E-03
.2920E+04 .7976E-03
.2925E+04 .2773E-03
.2930E+04 .1890E-02
.2935E+04 .2542E-02
.2940E+04 .3223E-03
.2945E+04 .3088E-03
.2950E+04 .1847E-02
.2955E+04 .9635E-03
.2960E+04 .1629E-02
.2965E+04 .3760E-02
.2970E+04 .7799E-04
.2975E+04 .1717E-03
.2980E+04 .3281E-03
.2985E+04 .3139E-02
.2990E+04 .5893E-02
.2995E+04 .1650E-02
.3000E+04 .4046E-02
.3005E+04 .1031E-02
.3010E+04 .3671E-02
.3015E+04 .2252E-02
.3020E+04 .8928E-04
.3025E+04 .3881E-02
.3030E+04 .2966E-02
.3035E+04 .9239E-03
.3040E+04 .7438E-03
.3045E+04 .1451E-02
.3050E+04 .2397E-03
.3055E+04 .4007E-04
.3060E+04 .3203E-02
.3065E+04 .1080E-02
.3070E+04 .5063E-03
.3075E+04 .2963E-02
.3080E+04 .1721E-02
.3085E+04 .4897E-03
.3090E+04 .7747E-03
.3095E+04 .1326E-03
.3100E+04 .2024E-02
.3105E+04 .2902E-03
.3110E+04 .1593E-03
.3115E+04 .7588E-03
.3120E+04 .5696E-02
.3125E+04 .1440E-02
.3130E+04 .3403E-02
.3135E+04 .7284E-02
.3140E+04 .1456E-02
.3145E+04 .1454E-02
.3150E+04 .3823E-02
.3155E+04 .3095E-02
.3160E+04 .5800E-02
.3165E+04 .1122E-01
.3170E+04 .8945E-02
.3175E+04 .6354E-02
.3180E+04 .7643E-02
.3185E+04 .4993E-02
.3190E+04 .2249E-02
.3195E+04 .9474E-03
.3200E+04 .6673E-04
.3205E+04 .3670E-04
.3210E+04 .1864E-04
.3215E+04 .7877E-04
.3220E+04 .4978E-03
.3225E+04 .4392E-04
.3230E+04 .7980E-04
.3235E+04 .4166E-02
.3240E+04 .1679E-02
.3245E+04 .2696E-03
.3250E+04 .1327E-02
.3255E+04 .6380E-02
.3260E+04 .5278E-03
.3265E+04 .9234E-03
.3270E+04 .3915E-03
.3275E+04 .3130E-02
.3280E+04 .1307E-02
.3285E+04 .7681E-02
.3290E+04 .5693E-02
.3295E+04 .4182E-03
.3300E+04 .7731E-03
.3305E+04 .1791E-02
.3310E+04 .2098E-02
.3315E+04 .2671E-05
.3320E+04 .8141E-05
.3325E+04 .1818E-02
.3330E+04 .3069E-02
.3335E+04 .6559E-02
.3340E+04 .1742E-02
.3345E+04 .1962E-02
.3350E+04 .5536E-02
.3355E+04 .1796E-02
.3360E+04 .3189E-02
.3365E+04 .5211E-02
.3370E+04 .2267E-02
.3375E+04 .6029E-02
.3380E+04 .3347E-02
.3385E+04 .5432E-02
.3390E+04 .8377E-02
.3395E+04 .7623E-02
.3400E+04 .1089E-01
.3405E+04 .2984E-02
.3410E+04 .5160E-02
.3415E+04 .5733E-02
.3420E+04 .1211E-01
.3425E+04 .8663E-02
.3430E+04 .7504E-02
.3435E+04 .9854E-02
.3440E+04 .6590E-02
.3445E+04 .9653E-02
.3450E+04 .1026E-01
.3455E+04 .6698E-02
.3460E+04 .1135E-01
.3465E+04 .8707E-02
.3470E+04 .1122E-01
.3475E+04 .9689E-02
.3480E+04 .1025E-01
.3485E+04 .1102E-01
.3490E+04 .8951E-02
.3495E+04 .1135E-01
.3500E+04 .1085E-01
.3505E+04 .1084E-01
.3510E+04 .1090E-01
.3515E+04 .9875E-02
.3520E+04 .1108E-01
.3525E+04 .1010E-01
.3530E+04 .9871E-02
.3535E+04 .7876E-02
.3540E+04 .7408E-02
.3545E+04 .7964E-02
.3550E+04 .9165E-02
.3555E+04 .7184E-02
.3560E+04 .9640E-02
.3565E+04 .9906E-02
.3570E+04 .6562E-02
.3575E+04 .7078E-02
.3580E+04 .9201E-02
.3585E+04 .7692E-02
.3590E+04 .7974E-02
.3595E+04 .8390E-02
.3600E+04 .9166E-02
.3605E+04 .9463E-02
.3610E+04 .8063E-02
.3615E+04 .8155E-02
.3620E+04 .1096E-01
.3625E+04 .9118E-02
.3630E+04 .8769E-02
.3635E+04 .9065E-02
.3640E+04 .1078E-01
.3645E+04 .9741E-02
.3650E+04 .9036E-02
.3655E+04 .9974E-02
.3660E+04 .9943E-02
.3665E+04 .9212E-02
.3670E+04 .6239E-02
.3675E+04 .2758E-02
.3680E+04 .6323E-02
.3685E+04 .7932E-02
.3690E+04 .8432E-02
.3695E+04 .8943E-02
.3700E+04 .1013E-01
.3705E+04 .9981E-02
.3710E+04 .8227E-02
.3715E+04 .8022E-02
.3720E+04 .9517E-02
.3725E+04 .1005E-01
.3730E+04 .8208E-02
.3735E+04 .7152E-02
.3740E+04 .7519E-02
.3745E+04 .9493E-02
.3750E+04 .8311E-02
.3755E+04 .7859E-02
.3760E+04 .7559E-02
.3765E+04 .7376E-02
.3770E+04 .8120E-02
.3775E+04 .8016E-02
.3780E+04 .8735E-02
.3785E+04 .7610E-02
.3790E+04 .6420E-02
.3795E+04 .7890E-02
.3800E+04 .9344E-02
.3805E+04 .8465E-02
.3810E+04 .6930E-02
.3815E+04 .6404E-02
.3820E+04 .9120E-02
.3825E+04 .8855E-02
.3830E+04 .9010E-02
.3835E+04 .6266E-02
.3840E+04 .8254E-02
.3845E+04 .8082E-02
.3850E+04 .8193E-02
.3855E+04 .7712E-02
.3860E+04 .7117E-02
.3865E+04 .7574E-02
.3870E+04 .6819E-02
.3875E+04 .6092E-02
.3880E+04 .5981E-02
.3885E+04 .6323E-02
.3890E+04 .6328E-02
.3895E+04 .7074E-02
.3900E+04 .7140E-02
.3905E+04 .7441E-02
.3910E+04 .6711E-02
.3915E+04 .6546E-02
.3920E+04 .6506E-02
.3925E+04 .6317E-02
.3930E+04 .6648E-02
.3935E+04 .6987E-02
.3940E+04 .7034E-02
.3945E+04 .7103E-02
.3950E+04 .7202E-02
.3955E+04 .7338E-02
.3960E+04 .7309E-02
.3965E+04 .7402E-02
.3970E+04 .7290E-02
.3975E+04 .7075E-02
.3980E+04 .6984E-02
.3985E+04 .7024E-02
.3990E+04 .6959E-02
.3995E+04 .6851E-02
.4000E+04 .6585E-02
