Wvlgth Global_tilted_irradiance
.2800E+03 .2903E-21
.2810E+03 .6822E-19
.2820E+03 .2177E-18
.2830E+03 .1275E-17
.2840E+03 .3143E-16
.2850E+03 .1648E-15
.2860E+03 .5294E-14
.2870E+03 .5752E-13
.2880E+03 .1124E-11
.2890E+03 .7775E-11
.2900E+03 .9710E-10
.2910E+03 .5100E-09
.2920E+03 .4183E-08
.2930E+03 .1933E-07
.2940E+03 .9317E-07
.2950E+03 .3883E-06
.2960E+03 .1683E-05
.2970E+03 .5589E-05
.2980E+03 .1767E-04
.2990E+03 .7027E-04
.3000E+03 .8819E-04
.3010E+03 .4335E-03
.3020E+03 .4327E-03
.3030E+03 .2489E-02
.3040E+03 .2401E-02
.3050E+03 .6514E-02
.3060E+03 .6874E-02
.3070E+03 .1266E-01
.3080E+03 .1931E-01
.3090E+03 .1833E-01
.3100E+03 .2572E-01
.3110E+03 .4816E-01
.3120E+03 .5223E-01
.3130E+03 .6255E-01
.3140E+03 .8553E-01
.3150E+03 .9469E-01
.3160E+03 .7175E-01
.3170E+03 .1261E+00
.3180E+03 .1004E+00
.3190E+03 .1532E+00
.3200E+03 .1505E+00
.3210E+03 .1641E+00
.3220E+03 .1734E+00
.3230E+03 .1471E+00
.3240E+03 .2102E+00
.3250E+03 .1854E+00
.3260E+03 .2850E+00
.3270E+03 .2855E+00
.3280E+03 .2440E+00
.3290E+03 .3056E+00
.3300E+03 .3441E+00
.3310E+03 .2865E+00
.3320E+03 .3116E+00
.3330E+03 .2898E+00
.3340E+03 .2854E+00
.3350E+03 .2975E+00
.3360E+03 .2437E+00
.3370E+03 .2344E+00
.3380E+03 .2873E+00
.3390E+03 .3051E+00
.3400E+03 .3571E+00
.3410E+03 .3036E+00
.3420E+03 .3364E+00
.3430E+03 .3656E+00
.3440E+03 .2467E+00
.3450E+03 .3262E+00
.3460E+03 .2787E+00
.3470E+03 .3342E+00
.3480E+03 .3028E+00
.3490E+03 .2806E+00
.3500E+03 .3649E+00
.3510E+03 .3256E+00
.3520E+03 .3497E+00
.3530E+03 .3539E+00
.3540E+03 .3526E+00
.3550E+03 .3554E+00
.3560E+03 .3618E+00
.3570E+03 .2345E+00
.3580E+03 .2349E+00
.3590E+03 .2969E+00
.3600E+03 .4028E+00
.3610E+03 .2752E+00
.3620E+03 .2817E+00
.3630E+03 .3457E+00
.3640E+03 .3960E+00
.3650E+03 .3181E+00
.3660E+03 .4331E+00
.3670E+03 .4075E+00
.3680E+03 .3580E+00
.3690E+03 .4012E+00
.3700E+03 .4568E+00
.3710E+03 .3918E+00
.3720E+03 .2983E+00
.3730E+03 .3790E+00
.3740E+03 .3639E+00
.3750E+03 .2971E+00
.3760E+03 .3402E+00
.3770E+03 .3851E+00
.3780E+03 .5186E+00
.3790E+03 .3972E+00
.3800E+03 .3482E+00
.3810E+03 .4383E+00
.3820E+03 .3127E+00
.3830E+03 .2542E+00
.3840E+03 .2596E+00
.3850E+03 .3742E+00
.3860E+03 .3080E+00
.3870E+03 .3391E+00
.3880E+03 .3466E+00
.3890E+03 .3669E+00
.3900E+03 .4502E+00
.3910E+03 .4927E+00
.3920E+03 .4023E+00
.3930E+03 .2146E+00
.3940E+03 .3234E+00
.3950E+03 .4946E+00
.3960E+03 .4144E+00
.3970E+03 .1961E+00
.3980E+03 .5148E+00
.3990E+03 .6115E+00
.4000E+03 .5859E+00
.4010E+03 .6063E+00
.4020E+03 .6809E+00
.4030E+03 .6792E+00
.4040E+03 .6360E+00
.4050E+03 .6132E+00
.4060E+03 .6443E+00
.4070E+03 .6781E+00
.4080E+03 .6277E+00
.4090E+03 .6613E+00
.4100E+03 .5840E+00
.4110E+03 .6457E+00
.4120E+03 .7462E+00
.4130E+03 .6370E+00
.4140E+03 .6714E+00
.4150E+03 .7087E+00
.4160E+03 .7831E+00
.4170E+03 .7440E+00
.4180E+03 .7072E+00
.4190E+03 .7112E+00
.4200E+03 .6867E+00
.4210E+03 .7253E+00
.4220E+03 .6813E+00
.4230E+03 .6769E+00
.4240E+03 .6918E+00
.4250E+03 .7223E+00
.4260E+03 .7854E+00
.4270E+03 .7355E+00
.4280E+03 .6661E+00
.4290E+03 .6983E+00
.4300E+03 .6200E+00
.4310E+03 .5490E+00
.4320E+03 .7792E+00
.4330E+03 .7924E+00
.4340E+03 .6875E+00
.4350E+03 .6563E+00
.4360E+03 .8020E+00
.4370E+03 .8789E+00
.4380E+03 .8488E+00
.4390E+03 .7005E+00
.4400E+03 .7807E+00
.4410E+03 .9301E+00
.4420E+03 .1038E+01
.4430E+03 .9650E+00
.4440E+03 .9321E+00
.4450E+03 .8117E+00
.4460E+03 .8839E+00
.4470E+03 .9866E+00
.4480E+03 .8063E+00
.4490E+03 .9609E+00
.4500E+03 .1055E+01
.4510E+03 .1078E+01
.4520E+03 .1030E+01
.4530E+03 .9692E+00
.4540E+03 .1075E+01
.4550E+03 .1029E+01
.4560E+03 .1089E+01
.4570E+03 .1136E+01
.4580E+03 .9953E+00
.4590E+03 .1060E+01
.4600E+03 .1031E+01
.4610E+03 .1063E+01
.4620E+03 .1142E+01
.4630E+03 .9882E+00
.4640E+03 .1035E+01
.4650E+03 .1111E+01
.4660E+03 .1193E+01
.4670E+03 .1049E+01
.4680E+03 .1091E+01
.4690E+03 .1157E+01
.4700E+03 .1131E+01
.4710E+03 .1142E+01
.4720E+03 .1180E+01
.4730E+03 .1154E+01
.4740E+03 .1023E+01
.4750E+03 .1061E+01
.4760E+03 .1127E+01
.4770E+03 .1166E+01
.4780E+03 .1205E+01
.4790E+03 .1164E+01
.4800E+03 .1129E+01
.4810E+03 .1189E+01
.4820E+03 .1244E+01
.4830E+03 .1300E+01
.4840E+03 .1273E+01
.4850E+03 .1189E+01
.4860E+03 .1033E+01
.4870E+03 .1106E+01
.4880E+03 .1132E+01
.4890E+03 .1041E+01
.4900E+03 .1197E+01
.4910E+03 .1273E+01
.4920E+03 .1194E+01
.4930E+03 .1214E+01
.4940E+03 .1177E+01
.4950E+03 .1177E+01
.4960E+03 .1188E+01
.4970E+03 .1255E+01
.4980E+03 .1276E+01
.4990E+03 .1334E+01
.5000E+03 .1316E+01
.5010E+03 .1264E+01
.5020E+03 .1201E+01
.5030E+03 .1206E+01
.5040E+03 .1171E+01
.5050E+03 .1162E+01
.5060E+03 .1289E+01
.5070E+03 .1250E+01
.5080E+03 .1220E+01
.5090E+03 .1208E+01
.5100E+03 .1179E+01
.5110E+03 .1239E+01
.5120E+03 .1267E+01
.5130E+03 .1226E+01
.5140E+03 .1257E+01
.5150E+03 .1267E+01
.5160E+03 .1272E+01
.5170E+03 .1150E+01
.5180E+03 .1177E+01
.5190E+03 .1206E+01
.5200E+03 .1255E+01
.5210E+03 .1302E+01
.5220E+03 .1317E+01
.5230E+03 .1286E+01
.5240E+03 .1326E+01
.5250E+03 .1262E+01
.5260E+03 .1213E+01
.5270E+03 .1176E+01
.5280E+03 .1253E+01
.5290E+03 .1351E+01
.5300E+03 .1333E+01
.5310E+03 .1354E+01
.5320E+03 .1297E+01
.5330E+03 .1267E+01
.5340E+03 .1339E+01
.5350E+03 .1404E+01
.5360E+03 .1427E+01
.5370E+03 .1377E+01
.5380E+03 .1371E+01
.5390E+03 .1338E+01
.5400E+03 .1318E+01
.5410E+03 .1328E+01
.5420E+03 .1311E+01
.5430E+03 .1293E+01
.5440E+03 .1333E+01
.5450E+03 .1310E+01
.5460E+03 .1343E+01
.5470E+03 .1352E+01
.5480E+03 .1315E+01
.5490E+03 .1321E+01
.5500E+03 .1367E+01
.5510E+03 .1373E+01
.5520E+03 .1380E+01
.5530E+03 .1336E+01
.5540E+03 .1388E+01
.5550E+03 .1417E+01
.5560E+03 .1416E+01
.5570E+03 .1369E+01
.5580E+03 .1357E+01
.5590E+03 .1347E+01
.5600E+03 .1362E+01
.5610E+03 .1370E+01
.5620E+03 .1351E+01
.5630E+03 .1363E+01
.5640E+03 .1296E+01
.5650E+03 .1297E+01
.5660E+03 .1326E+01
.5670E+03 .1358E+01
.5680E+03 .1316E+01
.5690E+03 .1277E+01
.5700E+03 .1278E+01
.5710E+03 .1256E+01
.5720E+03 .1288E+01
.5730E+03 .1333E+01
.5740E+03 .1351E+01
.5750E+03 .1336E+01
.5760E+03 .1341E+01
.5770E+03 .1359E+01
.5780E+03 .1334E+01
.5790E+03 .1320E+01
.5800E+03 .1347E+01
.5810E+03 .1371E+01
.5820E+03 .1405E+01
.5830E+03 .1408E+01
.5840E+03 .1412E+01
.5850E+03 .1355E+01
.5860E+03 .1326E+01
.5870E+03 .1352E+01
.5880E+03 .1296E+01
.5890E+03 .1100E+01
.5900E+03 .1138E+01
.5910E+03 .1224E+01
.5920E+03 .1184E+01
.5930E+03 .1229E+01
.5940E+03 .1244E+01
.5950E+03 .1212E+01
.5960E+03 .1301E+01
.5970E+03 .1282E+01
.5980E+03 .1286E+01
.5990E+03 .1290E+01
.6000E+03 .1296E+01
.6010E+03 .1297E+01
.6020E+03 .1298E+01
.6030E+03 .1338E+01
.6040E+03 .1371E+01
.6050E+03 .1365E+01
.6060E+03 .1363E+01
.6070E+03 .1378E+01
.6080E+03 .1362E+01
.6090E+03 .1367E+01
.6100E+03 .1356E+01
.6110E+03 .1354E+01
.6120E+03 .1329E+01
.6130E+03 .1311E+01
.6140E+03 .1306E+01
.6150E+03 .1343E+01
.6160E+03 .1291E+01
.6170E+03 .1283E+01
.6180E+03 .1344E+01
.6190E+03 .1339E+01
.6200E+03 .1338E+01
.6210E+03 .1334E+01
.6220E+03 .1313E+01
.6230E+03 .1275E+01
.6240E+03 .1261E+01
.6250E+03 .1273E+01
.6260E+03 .1298E+01
.6270E+03 .1309E+01
.6280E+03 .1227E+01
.6290E+03 .1283E+01
.6300E+03 .1267E+01
.6310E+03 .1298E+01
.6320E+03 .1272E+01
.6330E+03 .1322E+01
.6340E+03 .1310E+01
.6350E+03 .1331E+01
.6360E+03 .1312E+01
.6370E+03 .1331E+01
.6380E+03 .1346E+01
.6390E+03 .1334E+01
.6400E+03 .1321E+01
.6410E+03 .1320E+01
.6420E+03 .1310E+01
.6430E+03 .1323E+01
.6440E+03 .1326E+01
.6450E+03 .1323E+01
.6460E+03 .1268E+01
.6470E+03 .1218E+01
.6480E+03 .1216E+01
.6490E+03 .1206E+01
.6500E+03 .1246E+01
.6510E+03 .1304E+01
.6520E+03 .1202E+01
.6530E+03 .1289E+01
.6540E+03 .1278E+01
.6550E+03 .1211E+01
.6560E+03 .1080E+01
.6570E+03 .1108E+01
.6580E+03 .1254E+01
.6590E+03 .1263E+01
.6600E+03 .1260E+01
.6610E+03 .1259E+01
.6620E+03 .1253E+01
.6630E+03 .1237E+01
.6640E+03 .1270E+01
.6650E+03 .1280E+01
.6660E+03 .1289E+01
.6670E+03 .1294E+01
.6680E+03 .1297E+01
.6690E+03 .1318E+01
.6700E+03 .1312E+01
.6710E+03 .1315E+01
.6720E+03 .1304E+01
.6730E+03 .1322E+01
.6740E+03 .1318E+01
.6750E+03 .1307E+01
.6760E+03 .1315E+01
.6770E+03 .1302E+01
.6780E+03 .1308E+01
.6790E+03 .1287E+01
.6800E+03 .1298E+01
.6810E+03 .1291E+01
.6820E+03 .1291E+01
.6830E+03 .1288E+01
.6840E+03 .1281E+01
.6850E+03 .1293E+01
.6860E+03 .1284E+01
.6870E+03 .8876E+00
.6880E+03 .1027E+01
.6890E+03 .1029E+01
.6900E+03 .1073E+01
.6910E+03 .1118E+01
.6920E+03 .1131E+01
.6930E+03 .1061E+01
.6940E+03 .1028E+01
.6950E+03 .1102E+01
.6960E+03 .1105E+01
.6970E+03 .1223E+01
.6980E+03 .1201E+01
.6990E+03 .1135E+01
.7000E+03 .1116E+01
.7010E+03 .1087E+01
.7020E+03 .1111E+01
.7030E+03 .1117E+01
.7040E+03 .1175E+01
.7050E+03 .1162E+01
.7060E+03 .1176E+01
.7070E+03 .1176E+01
.7080E+03 .1180E+01
.7090E+03 .1202E+01
.7100E+03 .1190E+01
.7110E+03 .1195E+01
.7120E+03 .1200E+01
.7130E+03 .1181E+01
.7140E+03 .1187E+01
.7150E+03 .1128E+01
.7160E+03 .1121E+01
.7170E+03 .8378E+00
.7180E+03 .7387E+00
.7190E+03 .6864E+00
.7200E+03 .7029E+00
.7210E+03 .8597E+00
.7220E+03 .1065E+01
.7230E+03 .9460E+00
.7240E+03 .8046E+00
.7250E+03 .7605E+00
.7260E+03 .8112E+00
.7270E+03 .8541E+00
.7280E+03 .7687E+00
.7290E+03 .8439E+00
.7300E+03 .8748E+00
.7310E+03 .8293E+00
.7320E+03 .9404E+00
.7330E+03 .1041E+01
.7340E+03 .1081E+01
.7350E+03 .1048E+01
.7360E+03 .1044E+01
.7370E+03 .1049E+01
.7380E+03 .1095E+01
.7390E+03 .1074E+01
.7400E+03 .1118E+01
.7410E+03 .1116E+01
.7420E+03 .1127E+01
.7430E+03 .1159E+01
.7440E+03 .1162E+01
.7450E+03 .1167E+01
.7460E+03 .1172E+01
.7470E+03 .1177E+01
.7480E+03 .1177E+01
.7490E+03 .1164E+01
.7500E+03 .1163E+01
.7510E+03 .1151E+01
.7520E+03 .1157E+01
.7530E+03 .1163E+01
.7540E+03 .1165E+01
.7550E+03 .1159E+01
.7560E+03 .1159E+01
.7570E+03 .1161E+01
.7580E+03 .1147E+01
.7590E+03 .1127E+01
.7600E+03 .2199E+00
.7610E+03 .1218E+00
.7620E+03 .6111E+00
.7630E+03 .3242E+00
.7640E+03 .4709E+00
.7650E+03 .6111E+00
.7660E+03 .7343E+00
.7670E+03 .9106E+00
.7680E+03 .1038E+01
.7690E+03 .1057E+01
.7700E+03 .1090E+01
.7710E+03 .1098E+01
.7720E+03 .1100E+01
.7730E+03 .1107E+01
.7740E+03 .1102E+01
.7750E+03 .1094E+01
.7760E+03 .1107E+01
.7770E+03 .1092E+01
.7780E+03 .1085E+01
.7790E+03 .1086E+01
.7800E+03 .1080E+01
.7810E+03 .1082E+01
.7820E+03 .1088E+01
.7830E+03 .1069E+01
.7840E+03 .1075E+01
.7850E+03 .1063E+01
.7860E+03 .1072E+01
.7870E+03 .1034E+01
.7880E+03 .1011E+01
.7890E+03 .1002E+01
.7900E+03 .9579E+00
.7910E+03 .9851E+00
.7920E+03 .9832E+00
.7930E+03 .9644E+00
.7940E+03 .1012E+01
.7950E+03 .1020E+01
.7960E+03 .9532E+00
.7970E+03 .9502E+00
.7980E+03 .1012E+01
.7990E+03 .9989E+00
.8000E+03 .9709E+00
.8010E+03 .9637E+00
.8020E+03 .9596E+00
.8030E+03 .9471E+00
.8040E+03 .9531E+00
.8050E+03 .9615E+00
.8060E+03 .1004E+01
.8070E+03 .9887E+00
.8080E+03 .9916E+00
.8090E+03 .9609E+00
.8100E+03 .9343E+00
.8110E+03 .9312E+00
.8120E+03 .8739E+00
.8130E+03 .8489E+00
.8140E+03 .6865E+00
.8150E+03 .6877E+00
.8160E+03 .6251E+00
.8170E+03 .6469E+00
.8180E+03 .6089E+00
.8190E+03 .7411E+00
.8200E+03 .6765E+00
.8210E+03 .8659E+00
.8220E+03 .8241E+00
.8230E+03 .4514E+00
.8240E+03 .7588E+00
.8250E+03 .8483E+00
.8260E+03 .7923E+00
.8270E+03 .8586E+00
.8280E+03 .6553E+00
.8290E+03 .7896E+00
.8300E+03 .7657E+00
.8310E+03 .7686E+00
.8320E+03 .7307E+00
.8330E+03 .8200E+00
.8340E+03 .7685E+00
.8350E+03 .9038E+00
.8360E+03 .8202E+00
.8370E+03 .9059E+00
.8380E+03 .8560E+00
.8390E+03 .8923E+00
.8400E+03 .9173E+00
.8410E+03 .8952E+00
.8420E+03 .9115E+00
.8430E+03 .9255E+00
.8440E+03 .9029E+00
.8450E+03 .9464E+00
.8460E+03 .9451E+00
.8470E+03 .9323E+00
.8480E+03 .9197E+00
.8490E+03 .8937E+00
.8500E+03 .8573E+00
.8510E+03 .9012E+00
.8520E+03 .8973E+00
.8530E+03 .8703E+00
.8540E+03 .7457E+00
.8550E+03 .8273E+00
.8560E+03 .8999E+00
.8570E+03 .9256E+00
.8580E+03 .9164E+00
.8590E+03 .9195E+00
.8600E+03 .9238E+00
.8610E+03 .9176E+00
.8620E+03 .9334E+00
.8630E+03 .9553E+00
.8640E+03 .9074E+00
.8650E+03 .8999E+00
.8660E+03 .8092E+00
.8670E+03 .8445E+00
.8680E+03 .9190E+00
.8690E+03 .9000E+00
.8700E+03 .9257E+00
.8710E+03 .9129E+00
.8720E+03 .9100E+00
.8730E+03 .9082E+00
.8740E+03 .8975E+00
.8750E+03 .8788E+00
.8760E+03 .8873E+00
.8770E+03 .8971E+00
.8780E+03 .9050E+00
.8790E+03 .8914E+00
.8800E+03 .8730E+00
.8810E+03 .8554E+00
.8820E+03 .8736E+00
.8830E+03 .8782E+00
.8840E+03 .8741E+00
.8850E+03 .8810E+00
.8860E+03 .8281E+00
.8870E+03 .8451E+00
.8880E+03 .8500E+00
.8890E+03 .8726E+00
.8900E+03 .8507E+00
.8910E+03 .8536E+00
.8920E+03 .8171E+00
.8930E+03 .7784E+00
.8940E+03 .7171E+00
.8950E+03 .6397E+00
.8960E+03 .5800E+00
.8970E+03 .4567E+00
.8980E+03 .5269E+00
.8990E+03 .3660E+00
.9000E+03 .5749E+00
.9010E+03 .3692E+00
.9020E+03 .5041E+00
.9030E+03 .4986E+00
.9040E+03 .7065E+00
.9050E+03 .6693E+00
.9060E+03 .6175E+00
.9070E+03 .4460E+00
.9080E+03 .4581E+00
.9090E+03 .5177E+00
.9100E+03 .4157E+00
.9110E+03 .4815E+00
.9120E+03 .4977E+00
.9130E+03 .4185E+00
.9140E+03 .4125E+00
.9150E+03 .4506E+00
.9160E+03 .3708E+00
.9170E+03 .5246E+00
.9180E+03 .3709E+00
.9190E+03 .5530E+00
.9200E+03 .5799E+00
.9210E+03 .6168E+00
.9220E+03 .5164E+00
.9230E+03 .6016E+00
.9240E+03 .5164E+00
.9250E+03 .5098E+00
.9260E+03 .5061E+00
.9270E+03 .5989E+00
.9280E+03 .3435E+00
.9290E+03 .2887E+00
.9300E+03 .1920E+00
.9310E+03 .1803E+00
.9320E+03 .9925E-01
.9330E+03 .7023E-01
.9340E+03 .2009E-01
.9350E+03 .8321E-01
.9360E+03 .3696E-01
.9370E+03 .3883E-01
.9380E+03 .5231E-01
.9390E+03 .1791E+00
.9400E+03 .2395E+00
.9410E+03 .1498E+00
.9420E+03 .1875E+00
.9430E+03 .1058E+00
.9440E+03 .1350E+00
.9450E+03 .1610E+00
.9460E+03 .5537E-01
.9470E+03 .1521E+00
.9480E+03 .1133E+00
.9490E+03 .2370E+00
.9500E+03 .3032E-01
.9510E+03 .2338E+00
.9520E+03 .8778E-01
.9530E+03 .1405E+00
.9540E+03 .1964E+00
.9550E+03 .1389E+00
.9560E+03 .1749E+00
.9570E+03 .8616E-01
.9580E+03 .2743E+00
.9590E+03 .1801E+00
.9600E+03 .1997E+00
.9610E+03 .2573E+00
.9620E+03 .2441E+00
.9630E+03 .3092E+00
.9640E+03 .2751E+00
.9650E+03 .3034E+00
.9660E+03 .2906E+00
.9670E+03 .2833E+00
.9680E+03 .5193E+00
.9690E+03 .5213E+00
.9700E+03 .4554E+00
.9710E+03 .5889E+00
.9720E+03 .5589E+00
.9730E+03 .4120E+00
.9740E+03 .4050E+00
.9750E+03 .4385E+00
.9760E+03 .3735E+00
.9770E+03 .4902E+00
.9780E+03 .4380E+00
.9790E+03 .4725E+00
.9800E+03 .4371E+00
.9810E+03 .5939E+00
.9820E+03 .5460E+00
.9830E+03 .5121E+00
.9840E+03 .6401E+00
.9850E+03 .5401E+00
.9860E+03 .6637E+00
.9870E+03 .6397E+00
.9880E+03 .6404E+00
.9890E+03 .6772E+00
.9900E+03 .6355E+00
.9910E+03 .6790E+00
.9920E+03 .6856E+00
.9930E+03 .6532E+00
.9940E+03 .6886E+00
.9950E+03 .6913E+00
.9960E+03 .6834E+00
.9970E+03 .6867E+00
.9980E+03 .6834E+00
.9990E+03 .6809E+00
.1000E+04 .6701E+00
.1001E+04 .6854E+00
.1002E+04 .6446E+00
.1003E+04 .6716E+00
.1004E+04 .6501E+00
.1005E+04 .6340E+00
.1006E+04 .6546E+00
.1007E+04 .6711E+00
.1008E+04 .6626E+00
.1009E+04 .6551E+00
.1010E+04 .6497E+00
.1011E+04 .6682E+00
.1012E+04 .6582E+00
.1013E+04 .6684E+00
.1014E+04 .6638E+00
.1015E+04 .6586E+00
.1016E+04 .6555E+00
.1017E+04 .6559E+00
.1018E+04 .6568E+00
.1019E+04 .6342E+00
.1020E+04 .6521E+00
.1021E+04 .6527E+00
.1022E+04 .6446E+00
.1023E+04 .6509E+00
.1024E+04 .6326E+00
.1025E+04 .6539E+00
.1026E+04 .6489E+00
.1027E+04 .6478E+00
.1028E+04 .6459E+00
.1029E+04 .6374E+00
.1030E+04 .6459E+00
.1031E+04 .6417E+00
.1032E+04 .6418E+00
.1033E+04 .6320E+00
.1034E+04 .6328E+00
.1035E+04 .6353E+00
.1036E+04 .6376E+00
.1037E+04 .6279E+00
.1038E+04 .6308E+00
.1039E+04 .6302E+00
.1040E+04 .6281E+00
.1041E+04 .6303E+00
.1042E+04 .6264E+00
.1043E+04 .6245E+00
.1044E+04 .6267E+00
.1045E+04 .6183E+00
.1046E+04 .6115E+00
.1047E+04 .6170E+00
.1048E+04 .6204E+00
.1049E+04 .6177E+00
.1050E+04 .6147E+00
.1051E+04 .6145E+00
.1052E+04 .6118E+00
.1053E+04 .6071E+00
.1054E+04 .6086E+00
.1055E+04 .6090E+00
.1056E+04 .6069E+00
.1057E+04 .6052E+00
.1058E+04 .5903E+00
.1059E+04 .5907E+00
.1060E+04 .5902E+00
.1061E+04 .5894E+00
.1062E+04 .5915E+00
.1063E+04 .5851E+00
.1064E+04 .5938E+00
.1065E+04 .5861E+00
.1066E+04 .5776E+00
.1067E+04 .5831E+00
.1068E+04 .5681E+00
.1069E+04 .5490E+00
.1070E+04 .5620E+00
.1071E+04 .5799E+00
.1072E+04 .5639E+00
.1073E+04 .5585E+00
.1074E+04 .5799E+00
.1075E+04 .5306E+00
.1076E+04 .5748E+00
.1077E+04 .5542E+00
.1078E+04 .5368E+00
.1079E+04 .5671E+00
.1080E+04 .5363E+00
.1081E+04 .5141E+00
.1082E+04 .5367E+00
.1083E+04 .5439E+00
.1084E+04 .5075E+00
.1085E+04 .5374E+00
.1086E+04 .4641E+00
.1087E+04 .4998E+00
.1088E+04 .5346E+00
.1089E+04 .5014E+00
.1090E+04 .4824E+00
.1091E+04 .5250E+00
.1092E+04 .5328E+00
.1093E+04 .4035E+00
.1094E+04 .4730E+00
.1095E+04 .4198E+00
.1096E+04 .3896E+00
.1097E+04 .5152E+00
.1098E+04 .3744E+00
.1099E+04 .3974E+00
.1100E+04 .3534E+00
.1101E+04 .3649E+00
.1102E+04 .3350E+00
.1103E+04 .3225E+00
.1104E+04 .3246E+00
.1105E+04 .3749E+00
.1106E+04 .2253E+00
.1107E+04 .3522E+00
.1108E+04 .2576E+00
.1109E+04 .2479E+00
.1110E+04 .3110E+00
.1111E+04 .1756E+00
.1112E+04 .2428E+00
.1113E+04 .1225E+00
.1114E+04 .1362E+00
.1115E+04 .1084E+00
.1116E+04 .6712E-01
.1117E+04 .1252E-01
.1118E+04 .7916E-01
.1119E+04 .2480E-01
.1120E+04 .2966E-01
.1121E+04 .4533E-01
.1122E+04 .1097E-01
.1123E+04 .2776E-01
.1124E+04 .2293E-01
.1125E+04 .3383E-01
.1126E+04 .4508E-02
.1127E+04 .3844E-01
.1128E+04 .1386E-01
.1129E+04 .1486E-01
.1130E+04 .1000E-01
.1131E+04 .1045E+00
.1132E+04 .7315E-01
.1133E+04 .3018E-01
.1134E+04 .3052E-02
.1135E+04 .1700E-02
.1136E+04 .2160E-01
.1137E+04 .9516E-01
.1138E+04 .6332E-01
.1139E+04 .1447E+00
.1140E+04 .9954E-01
.1141E+04 .6461E-01
.1142E+04 .7931E-01
.1143E+04 .1310E+00
.1144E+04 .2932E-01
.1145E+04 .3014E-01
.1146E+04 .3181E-01
.1147E+04 .4822E-02
.1148E+04 .1111E+00
.1149E+04 .7614E-01
.1150E+04 .3635E-01
.1151E+04 .6179E-01
.1152E+04 .9390E-01
.1153E+04 .1019E+00
.1154E+04 .2780E-01
.1155E+04 .1445E+00
.1156E+04 .1207E+00
.1157E+04 .1581E+00
.1158E+04 .1547E+00
.1159E+04 .1766E+00
.1160E+04 .1386E+00
.1161E+04 .1912E+00
.1162E+04 .1915E+00
.1163E+04 .3430E+00
.1164E+04 .2469E+00
.1165E+04 .2331E+00
.1166E+04 .2320E+00
.1167E+04 .2628E+00
.1168E+04 .2834E+00
.1169E+04 .2937E+00
.1170E+04 .3408E+00
.1171E+04 .3332E+00
.1172E+04 .3448E+00
.1173E+04 .3418E+00
.1174E+04 .2012E+00
.1175E+04 .3491E+00
.1176E+04 .4080E+00
.1177E+04 .3758E+00
.1178E+04 .2496E+00
.1179E+04 .4174E+00
.1180E+04 .3359E+00
.1181E+04 .3513E+00
.1182E+04 .2039E+00
.1183E+04 .3519E+00
.1184E+04 .3167E+00
.1185E+04 .2905E+00
.1186E+04 .3896E+00
.1187E+04 .3570E+00
.1188E+04 .2006E+00
.1189E+04 .3278E+00
.1190E+04 .3831E+00
.1191E+04 .3351E+00
.1192E+04 .3935E+00
.1193E+04 .3652E+00
.1194E+04 .3856E+00
.1195E+04 .3434E+00
.1196E+04 .3200E+00
.1197E+04 .3926E+00
.1198E+04 .3485E+00
.1199E+04 .2599E+00
.1200E+04 .3628E+00
.1201E+04 .3341E+00
.1202E+04 .3470E+00
.1203E+04 .3311E+00
.1204E+04 .2648E+00
.1205E+04 .3551E+00
.1206E+04 .4150E+00
.1207E+04 .3335E+00
.1208E+04 .3389E+00
.1209E+04 .3468E+00
.1210E+04 .3730E+00
.1211E+04 .3457E+00
.1212E+04 .3172E+00
.1213E+04 .3955E+00
.1214E+04 .3337E+00
.1215E+04 .3262E+00
.1216E+04 .3981E+00
.1217E+04 .3804E+00
.1218E+04 .3896E+00
.1219E+04 .3736E+00
.1220E+04 .3912E+00
.1221E+04 .4031E+00
.1222E+04 .3874E+00
.1223E+04 .3794E+00
.1224E+04 .3690E+00
.1225E+04 .3989E+00
.1226E+04 .4094E+00
.1227E+04 .3548E+00
.1228E+04 .4139E+00
.1229E+04 .4110E+00
.1230E+04 .3995E+00
.1231E+04 .4256E+00
.1232E+04 .4227E+00
.1233E+04 .3887E+00
.1234E+04 .4299E+00
.1235E+04 .4233E+00
.1236E+04 .4299E+00
.1237E+04 .4172E+00
.1238E+04 .4289E+00
.1239E+04 .4233E+00
.1240E+04 .4264E+00
.1241E+04 .4194E+00
.1242E+04 .4233E+00
.1243E+04 .4206E+00
.1244E+04 .4222E+00
.1245E+04 .4254E+00
.1246E+04 .4230E+00
.1247E+04 .4207E+00
.1248E+04 .4181E+00
.1249E+04 .4223E+00
.1250E+04 .4196E+00
.1251E+04 .4145E+00
.1252E+04 .4137E+00
.1253E+04 .4115E+00
.1254E+04 .4042E+00
.1255E+04 .4124E+00
.1256E+04 .4026E+00
.1257E+04 .4010E+00
.1258E+04 .4059E+00
.1259E+04 .3942E+00
.1260E+04 .3944E+00
.1261E+04 .3735E+00
.1262E+04 .3647E+00
.1263E+04 .3632E+00
.1264E+04 .3369E+00
.1265E+04 .3627E+00
.1266E+04 .3506E+00
.1267E+04 .3528E+00
.1268E+04 .3373E+00
.1269E+04 .2165E+00
.1270E+04 .3543E+00
.1271E+04 .3700E+00
.1272E+04 .3713E+00
.1273E+04 .3683E+00
.1274E+04 .3664E+00
.1275E+04 .3761E+00
.1276E+04 .3769E+00
.1277E+04 .3725E+00
.1278E+04 .3887E+00
.1279E+04 .3784E+00
.1280E+04 .3699E+00
.1281E+04 .3545E+00
.1282E+04 .3474E+00
.1283E+04 .3727E+00
.1284E+04 .3739E+00
.1285E+04 .3802E+00
.1286E+04 .3860E+00
.1287E+04 .3707E+00
.1288E+04 .3719E+00
.1289E+04 .3492E+00
.1290E+04 .3674E+00
.1291E+04 .3769E+00
.1292E+04 .3284E+00
.1293E+04 .3584E+00
.1294E+04 .3504E+00
.1295E+04 .3503E+00
.1296E+04 .3172E+00
.1297E+04 .2891E+00
.1298E+04 .3378E+00
.1299E+04 .3657E+00
.1300E+04 .2711E+00
.1301E+04 .2724E+00
.1302E+04 .3377E+00
.1303E+04 .2600E+00
.1304E+04 .1969E+00
.1305E+04 .3223E+00
.1306E+04 .3178E+00
.1307E+04 .1984E+00
.1308E+04 .2792E+00
.1309E+04 .3143E+00
.1310E+04 .2009E+00
.1311E+04 .2523E+00
.1312E+04 .2471E+00
.1313E+04 .2217E+00
.1314E+04 .1954E+00
.1315E+04 .1711E+00
.1316E+04 .2365E+00
.1317E+04 .2262E+00
.1318E+04 .2604E+00
.1319E+04 .1546E+00
.1320E+04 .1689E+00
.1321E+04 .2061E+00
.1322E+04 .1951E+00
.1323E+04 .1236E+00
.1324E+04 .1541E+00
.1325E+04 .2326E+00
.1326E+04 .1773E+00
.1327E+04 .1641E+00
.1328E+04 .1356E+00
.1329E+04 .7902E-01
.1330E+04 .1095E+00
.1331E+04 .4716E-01
.1332E+04 .5421E-01
.1333E+04 .7916E-01
.1334E+04 .8568E-01
.1335E+04 .1206E+00
.1336E+04 .8237E-01
.1337E+04 .6821E-01
.1338E+04 .7185E-01
.1339E+04 .7490E-01
.1340E+04 .7921E-01
.1341E+04 .6002E-01
.1342E+04 .5565E-01
.1343E+04 .2421E-01
.1344E+04 .1789E-01
.1345E+04 .2208E-01
.1346E+04 .4490E-02
.1347E+04 .3735E-02
.1348E+04 .5212E-04
.1349E+04 .2373E-03
.1350E+04 .3346E-03
.1351E+04 .1604E-04
.1352E+04 .3604E-06
.1353E+04 .5976E-08
.1354E+04 .8039E-07
.1355E+04 .1129E-10
.1356E+04 .4633E-08
.1357E+04 .5259E-08
.1358E+04 .1837E-10
.1359E+04 .5764E-13
.1360E+04 .2541E-11
.1361E+04 .3016E-17
.1362E+04 .1259E-20
.1363E+04 .2288E-12
.1364E+04 .2699E-12
.1365E+04 .1337E-22
.1366E+04 .4083E-11
.1367E+04 .9439E-11
.1368E+04 .2226E-28
.1369E+04 .2822E-12
.1370E+04 .2060E-13
.1371E+04 .3733E-15
.1372E+04 .9792E-11
.1373E+04 .6290E-09
.1374E+04 .1201E-07
.1375E+04 .1107E-07
.1376E+04 .1115E-06
.1377E+04 .4744E-07
.1378E+04 .2062E-06
.1379E+04 .2146E-07
.1380E+04 .6259E-08
.1381E+04 .1948E-09
.1382E+04 .3696E-11
.1383E+04 .3309E-13
.1384E+04 .9919E-13
.1385E+04 .1766E-10
.1386E+04 .6707E-12
.1387E+04 .5713E-09
.1388E+04 .2631E-09
.1389E+04 .6264E-07
.1390E+04 .3861E-07
.1391E+04 .2709E-07
.1392E+04 .4742E-08
.1393E+04 .3890E-07
.1394E+04 .5134E-09
.1395E+04 .2700E-11
.1396E+04 .1612E-16
.1397E+04 .1290E-07
.1398E+04 .1021E-06
.1399E+04 .1238E-06
.1400E+04 .9660E-18
.1401E+04 .4832E-16
.1402E+04 .7415E-05
.1403E+04 .4267E-05
.1404E+04 .8324E-06
.1405E+04 .1297E-11
.1406E+04 .3939E-06
.1407E+04 .5108E-06
.1408E+04 .7245E-06
.1409E+04 .5204E-07
.1410E+04 .3861E-06
.1411E+04 .4478E-05
.1412E+04 .1079E-04
.1413E+04 .1539E-03
.1414E+04 .3550E-06
.1415E+04 .1128E-06
.1416E+04 .1801E-02
.1417E+04 .2360E-03
.1418E+04 .1700E-03
.1419E+04 .2455E-04
.1420E+04 .1110E-03
.1421E+04 .1440E-03
.1422E+04 .2520E-02
.1423E+04 .4622E-03
.1424E+04 .1279E-02
.1425E+04 .1203E-02
.1426E+04 .2433E-02
.1427E+04 .6595E-02
.1428E+04 .3931E-04
.1429E+04 .2803E-02
.1430E+04 .1007E-01
.1431E+04 .8611E-02
.1432E+04 .2052E-04
.1433E+04 .4673E-02
.1434E+04 .2390E-02
.1435E+04 .8633E-03
.1436E+04 .3934E-02
.1437E+04 .2420E-02
.1438E+04 .8886E-03
.1439E+04 .4723E-02
.1440E+04 .4525E-02
.1441E+04 .2371E-02
.1442E+04 .2187E-02
.1443E+04 .4936E-02
.1444E+04 .8542E-02
.1445E+04 .4214E-02
.1446E+04 .1464E-02
.1447E+04 .3034E-02
.1448E+04 .2902E-01
.1449E+04 .2316E-01
.1450E+04 .3037E-02
.1451E+04 .9995E-03
.1452E+04 .1004E-01
.1453E+04 .1463E-01
.1454E+04 .4524E-01
.1455E+04 .1425E-01
.1456E+04 .1712E-01
.1457E+04 .3148E-01
.1458E+04 .5223E-01
.1459E+04 .6120E-01
.1460E+04 .2573E-01
.1461E+04 .1884E-01
.1462E+04 .4034E-01
.1463E+04 .8573E-02
.1464E+04 .6099E-01
.1465E+04 .3336E-01
.1466E+04 .1007E-01
.1467E+04 .3994E-02
.1468E+04 .1479E-01
.1469E+04 .2301E-01
.1470E+04 .4774E-02
.1471E+04 .2104E-02
.1472E+04 .4131E-02
.1473E+04 .1126E-01
.1474E+04 .2918E-01
.1475E+04 .8045E-01
.1476E+04 .1431E-01
.1477E+04 .1214E-01
.1478E+04 .1766E-01
.1479E+04 .4052E-01
.1480E+04 .1091E-01
.1481E+04 .3553E-01
.1482E+04 .1416E-01
.1483E+04 .5577E-01
.1484E+04 .5908E-01
.1485E+04 .4838E-01
.1486E+04 .3952E-01
.1487E+04 .1042E-01
.1488E+04 .3293E-01
.1489E+04 .8691E-01
.1490E+04 .9300E-01
.1491E+04 .1155E+00
.1492E+04 .6966E-01
.1493E+04 .9190E-01
.1494E+04 .1222E+00
.1495E+04 .1031E+00
.1496E+04 .9093E-01
.1497E+04 .1686E+00
.1498E+04 .1049E+00
.1499E+04 .1324E+00
.1500E+04 .1884E+00
.1501E+04 .1984E+00
.1502E+04 .1511E+00
.1503E+04 .1123E+00
.1504E+04 .8495E-01
.1505E+04 .1176E+00
.1506E+04 .2120E+00
.1507E+04 .1973E+00
.1508E+04 .1819E+00
.1509E+04 .1176E+00
.1510E+04 .2270E+00
.1511E+04 .2068E+00
.1512E+04 .2172E+00
.1513E+04 .1748E+00
.1514E+04 .1553E+00
.1515E+04 .2266E+00
.1516E+04 .2120E+00
.1517E+04 .1957E+00
.1518E+04 .1996E+00
.1519E+04 .1856E+00
.1520E+04 .2118E+00
.1521E+04 .2495E+00
.1522E+04 .2236E+00
.1523E+04 .2552E+00
.1524E+04 .2424E+00
.1525E+04 .2155E+00
.1526E+04 .2213E+00
.1527E+04 .2237E+00
.1528E+04 .2510E+00
.1529E+04 .2366E+00
.1530E+04 .2242E+00
.1531E+04 .2343E+00
.1532E+04 .2547E+00
.1533E+04 .2565E+00
.1534E+04 .2464E+00
.1535E+04 .2382E+00
.1536E+04 .2505E+00
.1537E+04 .2421E+00
.1538E+04 .2548E+00
.1539E+04 .2453E+00
.1540E+04 .2494E+00
.1541E+04 .2505E+00
.1542E+04 .2417E+00
.1543E+04 .2530E+00
.1544E+04 .2452E+00
.1545E+04 .2588E+00
.1546E+04 .2515E+00
.1547E+04 .2509E+00
.1548E+04 .2509E+00
.1549E+04 .2555E+00
.1550E+04 .2526E+00
.1551E+04 .2536E+00
.1552E+04 .2473E+00
.1553E+04 .2512E+00
.1554E+04 .2480E+00
.1555E+04 .2499E+00
.1556E+04 .2493E+00
.1557E+04 .2528E+00
.1558E+04 .2515E+00
.1559E+04 .2496E+00
.1560E+04 .2509E+00
.1561E+04 .2529E+00
.1562E+04 .2480E+00
.1563E+04 .2466E+00
.1564E+04 .2476E+00
.1565E+04 .2497E+00
.1566E+04 .2449E+00
.1567E+04 .2456E+00
.1568E+04 .2395E+00
.1569E+04 .2355E+00
.1570E+04 .2247E+00
.1571E+04 .2122E+00
.1572E+04 .2138E+00
.1573E+04 .2121E+00
.1574E+04 .2146E+00
.1575E+04 .2270E+00
.1576E+04 .2182E+00
.1577E+04 .2037E+00
.1578E+04 .2155E+00
.1579E+04 .2147E+00
.1580E+04 .2242E+00
.1581E+04 .2241E+00
.1582E+04 .2226E+00
.1583E+04 .2245E+00
.1584E+04 .2336E+00
.1585E+04 .2376E+00
.1586E+04 .2345E+00
.1587E+04 .2303E+00
.1588E+04 .2269E+00
.1589E+04 .2200E+00
.1590E+04 .2238E+00
.1591E+04 .2298E+00
.1592E+04 .2346E+00
.1593E+04 .2405E+00
.1594E+04 .2384E+00
.1595E+04 .2365E+00
.1596E+04 .2288E+00
.1597E+04 .2321E+00
.1598E+04 .2355E+00
.1599E+04 .2260E+00
.1600E+04 .2171E+00
.1601E+04 .2049E+00
.1602E+04 .2026E+00
.1603E+04 .2043E+00
.1604E+04 .2068E+00
.1605E+04 .2197E+00
.1606E+04 .2219E+00
.1607E+04 .2164E+00
.1608E+04 .2074E+00
.1609E+04 .2006E+00
.1610E+04 .2017E+00
.1611E+04 .2075E+00
.1612E+04 .2142E+00
.1613E+04 .2167E+00
.1614E+04 .2209E+00
.1615E+04 .2181E+00
.1616E+04 .2159E+00
.1617E+04 .2202E+00
.1618E+04 .2259E+00
.1619E+04 .2206E+00
.1620E+04 .2182E+00
.1621E+04 .2211E+00
.1622E+04 .2246E+00
.1623E+04 .2280E+00
.1624E+04 .2255E+00
.1625E+04 .2236E+00
.1626E+04 .2253E+00
.1627E+04 .2270E+00
.1628E+04 .2263E+00
.1629E+04 .2243E+00
.1630E+04 .2229E+00
.1631E+04 .2216E+00
.1632E+04 .2194E+00
.1633E+04 .2132E+00
.1634E+04 .2194E+00
.1635E+04 .2149E+00
.1636E+04 .2144E+00
.1637E+04 .2111E+00
.1638E+04 .1989E+00
.1639E+04 .2048E+00
.1640E+04 .1937E+00
.1641E+04 .2023E+00
.1642E+04 .2047E+00
.1643E+04 .1946E+00
.1644E+04 .2066E+00
.1645E+04 .2003E+00
.1646E+04 .1957E+00
.1647E+04 .2106E+00
.1648E+04 .1955E+00
.1649E+04 .2031E+00
.1650E+04 .2055E+00
.1651E+04 .1914E+00
.1652E+04 .2012E+00
.1653E+04 .2056E+00
.1654E+04 .1967E+00
.1655E+04 .2072E+00
.1656E+04 .2022E+00
.1657E+04 .2045E+00
.1658E+04 .2080E+00
.1659E+04 .2082E+00
.1660E+04 .2097E+00
.1661E+04 .2062E+00
.1662E+04 .1962E+00
.1663E+04 .2072E+00
.1664E+04 .2037E+00
.1665E+04 .1942E+00
.1666E+04 .1544E+00
.1667E+04 .1928E+00
.1668E+04 .2009E+00
.1669E+04 .1952E+00
.1670E+04 .2042E+00
.1671E+04 .1976E+00
.1672E+04 .1950E+00
.1673E+04 .2008E+00
.1674E+04 .1952E+00
.1675E+04 .1924E+00
.1676E+04 .1908E+00
.1677E+04 .1922E+00
.1678E+04 .1844E+00
.1679E+04 .1930E+00
.1680E+04 .1840E+00
.1681E+04 .1803E+00
.1682E+04 .1906E+00
.1683E+04 .1937E+00
.1684E+04 .1727E+00
.1685E+04 .1969E+00
.1686E+04 .1953E+00
.1687E+04 .1837E+00
.1688E+04 .1950E+00
.1689E+04 .1911E+00
.1690E+04 .1878E+00
.1691E+04 .1588E+00
.1692E+04 .1853E+00
.1693E+04 .1973E+00
.1694E+04 .1835E+00
.1695E+04 .1949E+00
.1696E+04 .1938E+00
.1697E+04 .1379E+00
.1698E+04 .1925E+00
.1699E+04 .1866E+00
.1700E+04 .1784E+00
.1702E+04 .1887E+00
.1705E+04 .1766E+00
.1710E+04 .1661E+00
.1715E+04 .1623E+00
.1720E+04 .1642E+00
.1725E+04 .1484E+00
.1730E+04 .1449E+00
.1735E+04 .1324E+00
.1740E+04 .1346E+00
.1745E+04 .1240E+00
.1750E+04 .1359E+00
.1755E+04 .1172E+00
.1760E+04 .1277E+00
.1765E+04 .9134E-01
.1770E+04 .9124E-01
.1775E+04 .6364E-01
.1780E+04 .4976E-01
.1785E+04 .2826E-01
.1790E+04 .3740E-01
.1795E+04 .7613E-02
.1800E+04 .7569E-02
.1805E+04 .6142E-03
.1810E+04 .3609E-03
.1815E+04 .1979E-04
.1820E+04 .1207E-05
.1825E+04 .2187E-05
.1830E+04 .8377E-10
.1835E+04 .3843E-10
.1840E+04 .1369E-12
.1845E+04 .1806E-11
.1850E+04 .4076E-12
.1855E+04 .4874E-12
.1860E+04 .1098E-08
.1865E+04 .3388E-09
.1870E+04 .2050E-18
.1875E+04 .5876E-18
.1880E+04 .1306E-07
.1885E+04 .6206E-08
.1890E+04 .1831E-07
.1895E+04 .3115E-07
.1900E+04 .3935E-11
.1905E+04 .5332E-11
.1910E+04 .6612E-09
.1915E+04 .3998E-08
.1920E+04 .1029E-06
.1925E+04 .1145E-05
.1930E+04 .1499E-05
.1935E+04 .5469E-04
.1940E+04 .1140E-03
.1945E+04 .8392E-03
.1950E+04 .2578E-02
.1955E+04 .7375E-03
.1960E+04 .4779E-02
.1965E+04 .9057E-02
.1970E+04 .2273E-01
.1975E+04 .3337E-01
.1980E+04 .4634E-01
.1985E+04 .5536E-01
.1990E+04 .5347E-01
.1995E+04 .5475E-01
.2000E+04 .2133E-01
.2005E+04 .5728E-02
.2010E+04 .2632E-01
.2015E+04 .1357E-01
.2020E+04 .2810E-01
.2025E+04 .5594E-01
.2030E+04 .6435E-01
.2035E+04 .8212E-01
.2040E+04 .7364E-01
.2045E+04 .7614E-01
.2050E+04 .5434E-01
.2055E+04 .4079E-01
.2060E+04 .5409E-01
.2065E+04 .4852E-01
.2070E+04 .5191E-01
.2075E+04 .6625E-01
.2080E+04 .7661E-01
.2085E+04 .7525E-01
.2090E+04 .8119E-01
.2095E+04 .8152E-01
.2100E+04 .7414E-01
.2105E+04 .8702E-01
.2110E+04 .8161E-01
.2115E+04 .8526E-01
.2120E+04 .7813E-01
.2125E+04 .8084E-01
.2130E+04 .8279E-01
.2135E+04 .8385E-01
.2140E+04 .8545E-01
.2145E+04 .8457E-01
.2150E+04 .7461E-01
.2155E+04 .7538E-01
.2160E+04 .7520E-01
.2165E+04 .6784E-01
.2170E+04 .7437E-01
.2175E+04 .7002E-01
.2180E+04 .7469E-01
.2185E+04 .6116E-01
.2190E+04 .7051E-01
.2195E+04 .6935E-01
.2200E+04 .6063E-01
.2205E+04 .6408E-01
.2210E+04 .7238E-01
.2215E+04 .6797E-01
.2220E+04 .7151E-01
.2225E+04 .6822E-01
.2230E+04 .7066E-01
.2235E+04 .6805E-01
.2240E+04 .6814E-01
.2245E+04 .6477E-01
.2250E+04 .6705E-01
.2255E+04 .6240E-01
.2260E+04 .6133E-01
.2265E+04 .6317E-01
.2270E+04 .5921E-01
.2275E+04 .5823E-01
.2280E+04 .6109E-01
.2285E+04 .5697E-01
.2290E+04 .5691E-01
.2295E+04 .5526E-01
.2300E+04 .5100E-01
.2305E+04 .5126E-01
.2310E+04 .5502E-01
.2315E+04 .4864E-01
.2320E+04 .4035E-01
.2325E+04 .4299E-01
.2330E+04 .4401E-01
.2335E+04 .4729E-01
.2340E+04 .2995E-01
.2345E+04 .3940E-01
.2350E+04 .2756E-01
.2355E+04 .3439E-01
.2360E+04 .3732E-01
.2365E+04 .3458E-01
.2370E+04 .1559E-01
.2375E+04 .2978E-01
.2380E+04 .2542E-01
.2385E+04 .1491E-01
.2390E+04 .2174E-01
.2395E+04 .2590E-01
.2400E+04 .2848E-01
.2405E+04 .1724E-01
.2410E+04 .1650E-01
.2415E+04 .1097E-01
.2420E+04 .1134E-01
.2425E+04 .1618E-01
.2430E+04 .2622E-01
.2435E+04 .4105E-02
.2440E+04 .2323E-01
.2445E+04 .7064E-02
.2450E+04 .3221E-02
.2455E+04 .8336E-02
.2460E+04 .1434E-01
.2465E+04 .7360E-02
.2470E+04 .2993E-02
.2475E+04 .2919E-02
.2480E+04 .6377E-03
.2485E+04 .2912E-03
.2490E+04 .6930E-04
.2495E+04 .6815E-04
.2500E+04 .2362E-03
.2505E+04 .1944E-04
.2510E+04 .4386E-04
.2515E+04 .2919E-05
.2520E+04 .1493E-06
.2525E+04 .1294E-08
.2530E+04 .3954E-13
.2535E+04 .2031E-15
.2540E+04 .4379E-14
.2545E+04 .1174E-19
.2550E+04 .1847E-27
.2555E+04 .6383E-18
.2560E+04 .2020E-17
.2565E+04 .7188E-25
.2570E+04 .5668E-36
.2575E+04 .0000E+00
.2580E+04 .0000E+00
.2585E+04 .0000E+00
.2590E+04 .0000E+00
.2595E+04 .0000E+00
.2600E+04 .0000E+00
.2605E+04 .0000E+00
.2610E+04 .0000E+00
.2615E+04 .0000E+00
.2620E+04 .0000E+00
.2625E+04 .0000E+00
.2630E+04 .0000E+00
.2635E+04 .8597E-30
.2640E+04 .1797E-34
.2645E+04 .1620E-37
.2650E+04 .1581E-41
.2655E+04 .0000E+00
.2660E+04 .0000E+00
.2665E+04 .0000E+00
.2670E+04 .0000E+00
.2675E+04 .0000E+00
.2680E+04 .0000E+00
.2685E+04 .0000E+00
.2690E+04 .0000E+00
.2695E+04 .0000E+00
.2700E+04 .0000E+00
.2705E+04 .0000E+00
.2710E+04 .0000E+00
.2715E+04 .0000E+00
.2720E+04 .0000E+00
.2725E+04 .1313E-35
.2730E+04 .0000E+00
.2735E+04 .4064E-43
.2740E+04 .3812E-42
.2745E+04 .0000E+00
.2750E+04 .0000E+00
.2755E+04 .0000E+00
.2760E+04 .0000E+00
.2765E+04 .0000E+00
.2770E+04 .1121E-43
.2775E+04 .0000E+00
.2780E+04 .0000E+00
.2785E+04 .0000E+00
.2790E+04 .2491E-29
.2795E+04 .3863E-31
.2800E+04 .5946E-19
.2805E+04 .1420E-21
.2810E+04 .1042E-17
.2815E+04 .9166E-18
.2820E+04 .3036E-19
.2825E+04 .2642E-13
.2830E+04 .2089E-10
.2835E+04 .5641E-19
.2840E+04 .5124E-12
.2845E+04 .4380E-08
.2850E+04 .1015E-11
.2855E+04 .3795E-11
.2860E+04 .8352E-08
.2865E+04 .1330E-06
.2870E+04 .2182E-09
.2875E+04 .8290E-06
.2880E+04 .9525E-06
.2885E+04 .1412E-05
.2890E+04 .8155E-06
.2895E+04 .8139E-04
.2900E+04 .1796E-04
.2905E+04 .1754E-06
.2910E+04 .6148E-04
.2915E+04 .3761E-04
.2920E+04 .1433E-03
.2925E+04 .5801E-04
.2930E+04 .4746E-03
.2935E+04 .7458E-03
.2940E+04 .4831E-04
.2945E+04 .3688E-04
.2950E+04 .4756E-03
.2955E+04 .2841E-03
.2960E+04 .4825E-03
.2965E+04 .1585E-02
.2970E+04 .9988E-05
.2975E+04 .2684E-04
.2980E+04 .6284E-04
.2985E+04 .1217E-02
.2990E+04 .2971E-02
.2995E+04 .4967E-03
.3000E+04 .1726E-02
.3005E+04 .3167E-03
.3010E+04 .1670E-02
.3015E+04 .7872E-03
.3020E+04 .6237E-05
.3025E+04 .1642E-02
.3030E+04 .1190E-02
.3035E+04 .2378E-03
.3040E+04 .2232E-03
.3045E+04 .3957E-03
.3050E+04 .4312E-04
.3055E+04 .4016E-05
.3060E+04 .1354E-02
.3065E+04 .3239E-03
.3070E+04 .1074E-03
.3075E+04 .1188E-02
.3080E+04 .5901E-03
.3085E+04 .9743E-04
.3090E+04 .1862E-03
.3095E+04 .1875E-04
.3100E+04 .7320E-03
.3105E+04 .7478E-04
.3110E+04 .1518E-04
.3115E+04 .1617E-03
.3120E+04 .2868E-02
.3125E+04 .5816E-03
.3130E+04 .1672E-02
.3135E+04 .3974E-02
.3140E+04 .5134E-03
.3145E+04 .5209E-03
.3150E+04 .1954E-02
.3155E+04 .1499E-02
.3160E+04 .3382E-02
.3165E+04 .8263E-02
.3170E+04 .5916E-02
.3175E+04 .4089E-02
.3180E+04 .4934E-02
.3185E+04 .2830E-02
.3190E+04 .1013E-02
.3195E+04 .2658E-03
.3200E+04 .5494E-05
.3205E+04 .2123E-05
.3210E+04 .1691E-05
.3215E+04 .8590E-05
.3220E+04 .1139E-03
.3225E+04 .7249E-05
.3230E+04 .1534E-04
.3235E+04 .2033E-02
.3240E+04 .6792E-03
.3245E+04 .8343E-04
.3250E+04 .6270E-03
.3255E+04 .3613E-02
.3260E+04 .2111E-03
.3265E+04 .2423E-03
.3270E+04 .9475E-04
.3275E+04 .1406E-02
.3280E+04 .5305E-03
.3285E+04 .4672E-02
.3290E+04 .3395E-02
.3295E+04 .1282E-03
.3300E+04 .2623E-03
.3305E+04 .6625E-03
.3310E+04 .1086E-02
.3315E+04 .9243E-06
.3320E+04 .1176E-05
.3325E+04 .9113E-03
.3330E+04 .1888E-02
.3335E+04 .4502E-02
.3340E+04 .8325E-03
.3345E+04 .1017E-02
.3350E+04 .3431E-02
.3355E+04 .8744E-03
.3360E+04 .1742E-02
.3365E+04 .3532E-02
.3370E+04 .1296E-02
.3375E+04 .4143E-02
.3380E+04 .2361E-02
.3385E+04 .3878E-02
.3390E+04 .7137E-02
.3395E+04 .6131E-02
.3400E+04 .9252E-02
.3405E+04 .2121E-02
.3410E+04 .3759E-02
.3415E+04 .4842E-02
.3420E+04 .1086E-01
.3425E+04 .7653E-02
.3430E+04 .6763E-02
.3435E+04 .8266E-02
.3440E+04 .5580E-02
.3445E+04 .8149E-02
.3450E+04 .9487E-02
.3455E+04 .5572E-02
.3460E+04 .1007E-01
.3465E+04 .7934E-02
.3470E+04 .1016E-01
.3475E+04 .8541E-02
.3480E+04 .9400E-02
.3485E+04 .9951E-02
.3490E+04 .7659E-02
.3495E+04 .1044E-01
.3500E+04 .9757E-02
.3505E+04 .9852E-02
.3510E+04 .9747E-02
.3515E+04 .8235E-02
.3520E+04 .9929E-02
.3525E+04 .8859E-02
.3530E+04 .8649E-02
.3535E+04 .6620E-02
.3540E+04 .6149E-02
.3545E+04 .6656E-02
.3550E+04 .7959E-02
.3555E+04 .5623E-02
.3560E+04 .8566E-02
.3565E+04 .9113E-02
.3570E+04 .5154E-02
.3575E+04 .5690E-02
.3580E+04 .8386E-02
.3585E+04 .6457E-02
.3590E+04 .6690E-02
.3595E+04 .7335E-02
.3600E+04 .8182E-02
.3605E+04 .8749E-02
.3610E+04 .6847E-02
.3615E+04 .7040E-02
.3620E+04 .1034E-01
.3625E+04 .8207E-02
.3630E+04 .7749E-02
.3635E+04 .7968E-02
.3640E+04 .1015E-01
.3645E+04 .9101E-02
.3650E+04 .8192E-02
.3655E+04 .9077E-02
.3660E+04 .9088E-02
.3665E+04 .8362E-02
.3670E+04 .4987E-02
.3675E+04 .1575E-02
.3680E+04 .4718E-02
.3685E+04 .6685E-02
.3690E+04 .7298E-02
.3695E+04 .7951E-02
.3700E+04 .9547E-02
.3705E+04 .9400E-02
.3710E+04 .7365E-02
.3715E+04 .7128E-02
.3720E+04 .8758E-02
.3725E+04 .9577E-02
.3730E+04 .7394E-02
.3735E+04 .6038E-02
.3740E+04 .6581E-02
.3745E+04 .8956E-02
.3750E+04 .7576E-02
.3755E+04 .6952E-02
.3760E+04 .6423E-02
.3765E+04 .6448E-02
.3770E+04 .7289E-02
.3775E+04 .7183E-02
.3780E+04 .8050E-02
.3785E+04 .6638E-02
.3790E+04 .5383E-02
.3795E+04 .7179E-02
.3800E+04 .8985E-02
.3805E+04 .7835E-02
.3810E+04 .5840E-02
.3815E+04 .5396E-02
.3820E+04 .8728E-02
.3825E+04 .8376E-02
.3830E+04 .8522E-02
.3835E+04 .5131E-02
.3840E+04 .7685E-02
.3845E+04 .7575E-02
.3850E+04 .7703E-02
.3855E+04 .7052E-02
.3860E+04 .6340E-02
.3865E+04 .7158E-02
.3870E+04 .6347E-02
.3875E+04 .5508E-02
.3880E+04 .5480E-02
.3885E+04 .5941E-02
.3890E+04 .5850E-02
.3895E+04 .6763E-02
.3900E+04 .6463E-02
.3905E+04 .7097E-02
.3910E+04 .6393E-02
.3915E+04 .6194E-02
.3920E+04 .6123E-02
.3925E+04 .5852E-02
.3930E+04 .6320E-02
.3935E+04 .6726E-02
.3940E+04 .6744E-02
.3945E+04 .6756E-02
.3950E+04 .6854E-02
.3955E+04 .7086E-02
.3960E+04 .7051E-02
.3965E+04 .7144E-02
.3970E+04 .6991E-02
.3975E+04 .6785E-02
.3980E+04 .6735E-02
.3985E+04 .6777E-02
.3990E+04 .6708E-02
.3995E+04 .6597E-02
.4000E+04 .6346E-02
