Wvlgth Global_tilted_irradiance
.2800E+03 .1030E-19
.2810E+03 .1695E-17
.2820E+03 .8426E-18
.2830E+03 .7815E-17
.2840E+03 .2082E-15
.2850E+03 .9920E-15
.2860E+03 .2655E-13
.2870E+03 .3597E-12
.2880E+03 .6106E-11
.2890E+03 .6219E-10
.2900E+03 .8140E-09
.2910E+03 .4849E-08
.2920E+03 .4723E-07
.2930E+03 .2019E-06
.2940E+03 .1085E-05
.2950E+03 .3354E-05
.2960E+03 .1568E-04
.2970E+03 .3371E-04
.2980E+03 .1290E-03
.2990E+03 .3227E-03
.3000E+03 .5162E-03
.3010E+03 .1523E-02
.3020E+03 .1858E-02
.3030E+03 .6998E-02
.3040E+03 .7576E-02
.3050E+03 .1634E-01
.3060E+03 .1699E-01
.3070E+03 .2928E-01
.3080E+03 .3964E-01
.3090E+03 .4256E-01
.3100E+03 .4848E-01
.3110E+03 .9513E-01
.3120E+03 .9178E-01
.3130E+03 .1155E+00
.3140E+03 .1424E+00
.3150E+03 .1591E+00
.3160E+03 .1163E+00
.3170E+03 .2027E+00
.3180E+03 .1634E+00
.3190E+03 .2329E+00
.3200E+03 .2361E+00
.3210E+03 .2479E+00
.3220E+03 .2625E+00
.3230E+03 .2227E+00
.3240E+03 .3114E+00
.3250E+03 .2805E+00
.3260E+03 .4287E+00
.3270E+03 .4262E+00
.3280E+03 .3749E+00
.3290E+03 .4570E+00
.3300E+03 .5225E+00
.3310E+03 .4342E+00
.3320E+03 .4681E+00
.3330E+03 .4587E+00
.3340E+03 .4330E+00
.3350E+03 .4608E+00
.3360E+03 .3712E+00
.3370E+03 .3621E+00
.3380E+03 .4375E+00
.3390E+03 .4936E+00
.3400E+03 .5640E+00
.3410E+03 .4928E+00
.3420E+03 .5424E+00
.3430E+03 .5623E+00
.3440E+03 .3916E+00
.3450E+03 .5226E+00
.3460E+03 .4539E+00
.3470E+03 .5516E+00
.3480E+03 .5086E+00
.3490E+03 .4725E+00
.3500E+03 .5826E+00
.3510E+03 .5461E+00
.3520E+03 .5723E+00
.3530E+03 .5647E+00
.3540E+03 .6194E+00
.3550E+03 .6281E+00
.3560E+03 .5999E+00
.3570E+03 .4205E+00
.3580E+03 .4098E+00
.3590E+03 .4932E+00
.3600E+03 .6673E+00
.3610E+03 .4839E+00
.3620E+03 .4835E+00
.3630E+03 .6008E+00
.3640E+03 .6783E+00
.3650E+03 .5864E+00
.3660E+03 .7825E+00
.3670E+03 .7179E+00
.3680E+03 .6495E+00
.3690E+03 .7111E+00
.3700E+03 .8106E+00
.3710E+03 .6756E+00
.3720E+03 .5569E+00
.3730E+03 .6828E+00
.3740E+03 .6474E+00
.3750E+03 .5225E+00
.3760E+03 .6425E+00
.3770E+03 .7081E+00
.3780E+03 .9043E+00
.3790E+03 .7051E+00
.3800E+03 .6652E+00
.3810E+03 .8113E+00
.3820E+03 .5723E+00
.3830E+03 .4533E+00
.3840E+03 .4802E+00
.3850E+03 .7004E+00
.3860E+03 .5614E+00
.3870E+03 .6143E+00
.3880E+03 .6369E+00
.3890E+03 .6802E+00
.3900E+03 .8286E+00
.3910E+03 .8996E+00
.3920E+03 .7700E+00
.3930E+03 .3866E+00
.3940E+03 .5734E+00
.3950E+03 .8891E+00
.3960E+03 .7801E+00
.3970E+03 .3452E+00
.3980E+03 .9762E+00
.3990E+03 .1101E+01
.4000E+03 .1131E+01
.4010E+03 .1157E+01
.4020E+03 .1229E+01
.4030E+03 .1174E+01
.4040E+03 .1151E+01
.4050E+03 .1148E+01
.4060E+03 .1137E+01
.4070E+03 .1127E+01
.4080E+03 .1159E+01
.4090E+03 .1240E+01
.4100E+03 .1085E+01
.4110E+03 .1179E+01
.4120E+03 .1275E+01
.4130E+03 .1229E+01
.4140E+03 .1250E+01
.4150E+03 .1260E+01
.4160E+03 .1293E+01
.4170E+03 .1259E+01
.4180E+03 .1233E+01
.4190E+03 .1250E+01
.4200E+03 .1241E+01
.4210E+03 .1301E+01
.4220E+03 .1236E+01
.4230E+03 .1211E+01
.4240E+03 .1277E+01
.4250E+03 .1281E+01
.4260E+03 .1262E+01
.4270E+03 .1233E+01
.4280E+03 .1194E+01
.4290E+03 .1142E+01
.4300E+03 .1001E+01
.4310E+03 .9827E+00
.4320E+03 .1282E+01
.4330E+03 .1291E+01
.4340E+03 .1192E+01
.4350E+03 .1234E+01
.4360E+03 .1402E+01
.4370E+03 .1398E+01
.4380E+03 .1280E+01
.4390E+03 .1297E+01
.4400E+03 .1349E+01
.4410E+03 .1417E+01
.4420E+03 .1526E+01
.4430E+03 .1482E+01
.4440E+03 .1506E+01
.4450E+03 .1458E+01
.4460E+03 .1410E+01
.4470E+03 .1529E+01
.4480E+03 .1522E+01
.4490E+03 .1554E+01
.4500E+03 .1608E+01
.4510E+03 .1666E+01
.4520E+03 .1604E+01
.4530E+03 .1509E+01
.4540E+03 .1585E+01
.4550E+03 .1589E+01
.4560E+03 .1632E+01
.4570E+03 .1664E+01
.4580E+03 .1594E+01
.4590E+03 .1596E+01
.4600E+03 .1597E+01
.4610E+03 .1636E+01
.4620E+03 .1659E+01
.4630E+03 .1627E+01
.4640E+03 .1609E+01
.4650E+03 .1602E+01
.4660E+03 .1627E+01
.4670E+03 .1581E+01
.4680E+03 .1605E+01
.4690E+03 .1623E+01
.4700E+03 .1574E+01
.4710E+03 .1573E+01
.4720E+03 .1655E+01
.4730E+03 .1634E+01
.4740E+03 .1618E+01
.4750E+03 .1638E+01
.4760E+03 .1604E+01
.4770E+03 .1614E+01
.4780E+03 .1660E+01
.4790E+03 .1646E+01
.4800E+03 .1644E+01
.4810E+03 .1680E+01
.4820E+03 .1696E+01
.4830E+03 .1684E+01
.4840E+03 .1650E+01
.4850E+03 .1569E+01
.4860E+03 .1371E+01
.4870E+03 .1440E+01
.4880E+03 .1570E+01
.4890E+03 .1563E+01
.4900E+03 .1658E+01
.4910E+03 .1642E+01
.4920E+03 .1551E+01
.4930E+03 .1599E+01
.4940E+03 .1609E+01
.4950E+03 .1622E+01
.4960E+03 .1633E+01
.4970E+03 .1665E+01
.4980E+03 .1598E+01
.4990E+03 .1624E+01
.5000E+03 .1579E+01
.5010E+03 .1548E+01
.5020E+03 .1523E+01
.5030E+03 .1582E+01
.5040E+03 .1547E+01
.5050E+03 .1591E+01
.5060E+03 .1655E+01
.5070E+03 .1578E+01
.5080E+03 .1529E+01
.5090E+03 .1566E+01
.5100E+03 .1554E+01
.5110E+03 .1598E+01
.5120E+03 .1618E+01
.5130E+03 .1535E+01
.5140E+03 .1529E+01
.5150E+03 .1517E+01
.5160E+03 .1515E+01
.5170E+03 .1348E+01
.5180E+03 .1414E+01
.5190E+03 .1480E+01
.5200E+03 .1535E+01
.5210E+03 .1553E+01
.5220E+03 .1557E+01
.5230E+03 .1529E+01
.5240E+03 .1585E+01
.5250E+03 .1595E+01
.5260E+03 .1525E+01
.5270E+03 .1441E+01
.5280E+03 .1525E+01
.5290E+03 .1611E+01
.5300E+03 .1589E+01
.5310E+03 .1614E+01
.5320E+03 .1558E+01
.5330E+03 .1514E+01
.5340E+03 .1562E+01
.5350E+03 .1600E+01
.5360E+03 .1615E+01
.5370E+03 .1552E+01
.5380E+03 .1577E+01
.5390E+03 .1562E+01
.5400E+03 .1502E+01
.5410E+03 .1515E+01
.5420E+03 .1557E+01
.5430E+03 .1539E+01
.5440E+03 .1569E+01
.5450E+03 .1562E+01
.5460E+03 .1572E+01
.5470E+03 .1570E+01
.5480E+03 .1549E+01
.5490E+03 .1554E+01
.5500E+03 .1577E+01
.5510E+03 .1561E+01
.5520E+03 .1571E+01
.5530E+03 .1541E+01
.5540E+03 .1580E+01
.5550E+03 .1586E+01
.5560E+03 .1567E+01
.5570E+03 .1519E+01
.5580E+03 .1507E+01
.5590E+03 .1481E+01
.5600E+03 .1500E+01
.5610E+03 .1520E+01
.5620E+03 .1509E+01
.5630E+03 .1549E+01
.5640E+03 .1504E+01
.5650E+03 .1493E+01
.5660E+03 .1477E+01
.5670E+03 .1507E+01
.5680E+03 .1492E+01
.5690E+03 .1462E+01
.5700E+03 .1460E+01
.5710E+03 .1448E+01
.5720E+03 .1486E+01
.5730E+03 .1505E+01
.5740E+03 .1503E+01
.5750E+03 .1477E+01
.5760E+03 .1465E+01
.5770E+03 .1480E+01
.5780E+03 .1457E+01
.5790E+03 .1460E+01
.5800E+03 .1486E+01
.5810E+03 .1494E+01
.5820E+03 .1523E+01
.5830E+03 .1527E+01
.5840E+03 .1539E+01
.5850E+03 .1499E+01
.5860E+03 .1468E+01
.5870E+03 .1501E+01
.5880E+03 .1468E+01
.5890E+03 .1307E+01
.5900E+03 .1365E+01
.5910E+03 .1440E+01
.5920E+03 .1424E+01
.5930E+03 .1443E+01
.5940E+03 .1439E+01
.5950E+03 .1409E+01
.5960E+03 .1457E+01
.5970E+03 .1443E+01
.5980E+03 .1439E+01
.5990E+03 .1440E+01
.6000E+03 .1440E+01
.6010E+03 .1427E+01
.6020E+03 .1417E+01
.6030E+03 .1440E+01
.6040E+03 .1464E+01
.6050E+03 .1457E+01
.6060E+03 .1453E+01
.6070E+03 .1469E+01
.6080E+03 .1454E+01
.6090E+03 .1457E+01
.6100E+03 .1445E+01
.6110E+03 .1452E+01
.6120E+03 .1445E+01
.6130E+03 .1427E+01
.6140E+03 .1408E+01
.6150E+03 .1440E+01
.6160E+03 .1392E+01
.6170E+03 .1388E+01
.6180E+03 .1442E+01
.6190E+03 .1428E+01
.6200E+03 .1435E+01
.6210E+03 .1434E+01
.6220E+03 .1405E+01
.6230E+03 .1372E+01
.6240E+03 .1354E+01
.6250E+03 .1362E+01
.6260E+03 .1385E+01
.6270E+03 .1404E+01
.6280E+03 .1326E+01
.6290E+03 .1378E+01
.6300E+03 .1348E+01
.6310E+03 .1377E+01
.6320E+03 .1363E+01
.6330E+03 .1406E+01
.6340E+03 .1392E+01
.6350E+03 .1413E+01
.6360E+03 .1393E+01
.6370E+03 .1414E+01
.6380E+03 .1427E+01
.6390E+03 .1412E+01
.6400E+03 .1399E+01
.6410E+03 .1398E+01
.6420E+03 .1391E+01
.6430E+03 .1410E+01
.6440E+03 .1406E+01
.6450E+03 .1409E+01
.6460E+03 .1379E+01
.6470E+03 .1368E+01
.6480E+03 .1371E+01
.6490E+03 .1346E+01
.6500E+03 .1346E+01
.6510E+03 .1403E+01
.6520E+03 .1354E+01
.6530E+03 .1386E+01
.6540E+03 .1369E+01
.6550E+03 .1322E+01
.6560E+03 .1168E+01
.6570E+03 .1199E+01
.6580E+03 .1340E+01
.6590E+03 .1345E+01
.6600E+03 .1341E+01
.6610E+03 .1335E+01
.6620E+03 .1326E+01
.6630E+03 .1308E+01
.6640E+03 .1335E+01
.6650E+03 .1343E+01
.6660E+03 .1351E+01
.6670E+03 .1354E+01
.6680E+03 .1357E+01
.6690E+03 .1378E+01
.6700E+03 .1373E+01
.6710E+03 .1373E+01
.6720E+03 .1362E+01
.6730E+03 .1382E+01
.6740E+03 .1377E+01
.6750E+03 .1365E+01
.6760E+03 .1374E+01
.6770E+03 .1360E+01
.6780E+03 .1363E+01
.6790E+03 .1341E+01
.6800E+03 .1352E+01
.6810E+03 .1344E+01
.6820E+03 .1343E+01
.6830E+03 .1341E+01
.6840E+03 .1335E+01
.6850E+03 .1347E+01
.6860E+03 .1339E+01
.6870E+03 .9490E+00
.6880E+03 .1084E+01
.6890E+03 .1087E+01
.6900E+03 .1131E+01
.6910E+03 .1180E+01
.6920E+03 .1215E+01
.6930E+03 .1209E+01
.6940E+03 .1202E+01
.6950E+03 .1243E+01
.6960E+03 .1245E+01
.6970E+03 .1308E+01
.6980E+03 .1288E+01
.6990E+03 .1266E+01
.7000E+03 .1251E+01
.7010E+03 .1241E+01
.7020E+03 .1247E+01
.7030E+03 .1249E+01
.7040E+03 .1284E+01
.7050E+03 .1286E+01
.7060E+03 .1283E+01
.7070E+03 .1284E+01
.7080E+03 .1287E+01
.7090E+03 .1286E+01
.7100E+03 .1287E+01
.7110E+03 .1284E+01
.7120E+03 .1279E+01
.7130E+03 .1268E+01
.7140E+03 .1273E+01
.7150E+03 .1236E+01
.7160E+03 .1238E+01
.7170E+03 .1105E+01
.7180E+03 .1023E+01
.7190E+03 .9420E+00
.7200E+03 .9881E+00
.7210E+03 .1070E+01
.7220E+03 .1201E+01
.7230E+03 .1131E+01
.7240E+03 .1033E+01
.7250E+03 .1021E+01
.7260E+03 .1064E+01
.7270E+03 .1074E+01
.7280E+03 .1019E+01
.7290E+03 .1045E+01
.7300E+03 .1105E+01
.7310E+03 .1061E+01
.7320E+03 .1123E+01
.7330E+03 .1177E+01
.7340E+03 .1202E+01
.7350E+03 .1179E+01
.7360E+03 .1177E+01
.7370E+03 .1182E+01
.7380E+03 .1194E+01
.7390E+03 .1171E+01
.7400E+03 .1199E+01
.7410E+03 .1185E+01
.7420E+03 .1185E+01
.7430E+03 .1215E+01
.7440E+03 .1211E+01
.7450E+03 .1210E+01
.7460E+03 .1216E+01
.7470E+03 .1218E+01
.7480E+03 .1216E+01
.7490E+03 .1202E+01
.7500E+03 .1202E+01
.7510E+03 .1189E+01
.7520E+03 .1195E+01
.7530E+03 .1201E+01
.7540E+03 .1203E+01
.7550E+03 .1197E+01
.7560E+03 .1196E+01
.7570E+03 .1198E+01
.7580E+03 .1183E+01
.7590E+03 .1163E+01
.7600E+03 .2524E+00
.7610E+03 .1453E+00
.7620E+03 .6550E+00
.7630E+03 .3627E+00
.7640E+03 .5139E+00
.7650E+03 .6554E+00
.7660E+03 .7762E+00
.7670E+03 .9514E+00
.7680E+03 .1076E+01
.7690E+03 .1094E+01
.7700E+03 .1125E+01
.7710E+03 .1132E+01
.7720E+03 .1134E+01
.7730E+03 .1142E+01
.7740E+03 .1136E+01
.7750E+03 .1127E+01
.7760E+03 .1141E+01
.7770E+03 .1126E+01
.7780E+03 .1119E+01
.7790E+03 .1120E+01
.7800E+03 .1114E+01
.7810E+03 .1115E+01
.7820E+03 .1122E+01
.7830E+03 .1103E+01
.7840E+03 .1108E+01
.7850E+03 .1100E+01
.7860E+03 .1113E+01
.7870E+03 .1097E+01
.7880E+03 .1085E+01
.7890E+03 .1085E+01
.7900E+03 .1061E+01
.7910E+03 .1066E+01
.7920E+03 .1057E+01
.7930E+03 .1041E+01
.7940E+03 .1054E+01
.7950E+03 .1073E+01
.7960E+03 .1047E+01
.7970E+03 .1048E+01
.7980E+03 .1072E+01
.7990E+03 .1067E+01
.8000E+03 .1050E+01
.8010E+03 .1048E+01
.8020E+03 .1045E+01
.8030E+03 .1038E+01
.8040E+03 .1039E+01
.8050E+03 .1034E+01
.8060E+03 .1060E+01
.8070E+03 .1048E+01
.8080E+03 .1049E+01
.8090E+03 .1031E+01
.8100E+03 .1025E+01
.8110E+03 .1029E+01
.8120E+03 .1004E+01
.8130E+03 .9862E+00
.8140E+03 .8837E+00
.8150E+03 .8776E+00
.8160E+03 .8222E+00
.8170E+03 .8345E+00
.8180E+03 .8068E+00
.8190E+03 .8870E+00
.8200E+03 .8412E+00
.8210E+03 .9634E+00
.8220E+03 .9396E+00
.8230E+03 .6702E+00
.8240E+03 .9194E+00
.8250E+03 .9483E+00
.8260E+03 .9183E+00
.8270E+03 .9627E+00
.8280E+03 .8345E+00
.8290E+03 .9120E+00
.8300E+03 .9023E+00
.8310E+03 .9047E+00
.8320E+03 .8807E+00
.8330E+03 .9263E+00
.8340E+03 .8992E+00
.8350E+03 .9756E+00
.8360E+03 .9413E+00
.8370E+03 .9780E+00
.8380E+03 .9509E+00
.8390E+03 .9626E+00
.8400E+03 .9829E+00
.8410E+03 .9704E+00
.8420E+03 .9704E+00
.8430E+03 .9676E+00
.8440E+03 .9555E+00
.8450E+03 .9861E+00
.8460E+03 .9814E+00
.8470E+03 .9625E+00
.8480E+03 .9576E+00
.8490E+03 .9304E+00
.8500E+03 .8913E+00
.8510E+03 .9448E+00
.8520E+03 .9377E+00
.8530E+03 .9018E+00
.8540E+03 .7794E+00
.8550E+03 .8553E+00
.8560E+03 .9352E+00
.8570E+03 .9554E+00
.8580E+03 .9487E+00
.8590E+03 .9492E+00
.8600E+03 .9506E+00
.8610E+03 .9456E+00
.8620E+03 .9604E+00
.8630E+03 .9831E+00
.8640E+03 .9340E+00
.8650E+03 .9258E+00
.8660E+03 .8325E+00
.8670E+03 .8687E+00
.8680E+03 .9454E+00
.8690E+03 .9258E+00
.8700E+03 .9522E+00
.8710E+03 .9393E+00
.8720E+03 .9360E+00
.8730E+03 .9341E+00
.8740E+03 .9231E+00
.8750E+03 .9044E+00
.8760E+03 .9140E+00
.8770E+03 .9232E+00
.8780E+03 .9334E+00
.8790E+03 .9190E+00
.8800E+03 .8994E+00
.8810E+03 .8864E+00
.8820E+03 .9057E+00
.8830E+03 .9082E+00
.8840E+03 .9042E+00
.8850E+03 .9111E+00
.8860E+03 .8700E+00
.8870E+03 .8780E+00
.8880E+03 .8920E+00
.8890E+03 .9005E+00
.8900E+03 .8948E+00
.8910E+03 .8925E+00
.8920E+03 .8688E+00
.8930E+03 .8446E+00
.8940E+03 .8200E+00
.8950E+03 .7819E+00
.8960E+03 .7419E+00
.8970E+03 .6479E+00
.8980E+03 .7003E+00
.8990E+03 .5442E+00
.9000E+03 .7107E+00
.9010E+03 .5708E+00
.9020E+03 .6536E+00
.9030E+03 .6650E+00
.9040E+03 .8152E+00
.9050E+03 .7901E+00
.9060E+03 .7423E+00
.9070E+03 .6190E+00
.9080E+03 .6285E+00
.9090E+03 .6734E+00
.9100E+03 .6076E+00
.9110E+03 .6398E+00
.9120E+03 .6667E+00
.9130E+03 .6169E+00
.9140E+03 .6107E+00
.9150E+03 .6584E+00
.9160E+03 .5637E+00
.9170E+03 .6991E+00
.9180E+03 .5782E+00
.9190E+03 .7092E+00
.9200E+03 .7117E+00
.9210E+03 .7370E+00
.9220E+03 .6674E+00
.9230E+03 .7117E+00
.9240E+03 .6847E+00
.9250E+03 .6704E+00
.9260E+03 .6774E+00
.9270E+03 .7499E+00
.9280E+03 .5741E+00
.9290E+03 .5301E+00
.9300E+03 .4270E+00
.9310E+03 .4035E+00
.9320E+03 .3019E+00
.9330E+03 .2520E+00
.9340E+03 .1526E+00
.9350E+03 .2553E+00
.9360E+03 .1673E+00
.9370E+03 .1721E+00
.9380E+03 .2079E+00
.9390E+03 .3937E+00
.9400E+03 .4647E+00
.9410E+03 .3613E+00
.9420E+03 .4118E+00
.9430E+03 .2821E+00
.9440E+03 .2896E+00
.9450E+03 .3704E+00
.9460E+03 .2009E+00
.9470E+03 .3739E+00
.9480E+03 .2789E+00
.9490E+03 .4899E+00
.9500E+03 .1563E+00
.9510E+03 .4805E+00
.9520E+03 .2752E+00
.9530E+03 .3429E+00
.9540E+03 .4088E+00
.9550E+03 .3491E+00
.9560E+03 .3291E+00
.9570E+03 .2751E+00
.9580E+03 .4528E+00
.9590E+03 .3707E+00
.9600E+03 .4140E+00
.9610E+03 .4575E+00
.9620E+03 .4343E+00
.9630E+03 .4931E+00
.9640E+03 .4540E+00
.9650E+03 .4902E+00
.9660E+03 .4947E+00
.9670E+03 .4938E+00
.9680E+03 .6347E+00
.9690E+03 .6635E+00
.9700E+03 .6147E+00
.9710E+03 .6917E+00
.9720E+03 .6637E+00
.9730E+03 .5894E+00
.9740E+03 .5602E+00
.9750E+03 .5779E+00
.9760E+03 .5547E+00
.9770E+03 .6200E+00
.9780E+03 .5935E+00
.9790E+03 .6183E+00
.9800E+03 .5841E+00
.9810E+03 .6867E+00
.9820E+03 .6603E+00
.9830E+03 .6360E+00
.9840E+03 .7033E+00
.9850E+03 .6574E+00
.9860E+03 .7135E+00
.9870E+03 .7019E+00
.9880E+03 .7007E+00
.9890E+03 .7097E+00
.9900E+03 .6963E+00
.9910E+03 .7121E+00
.9920E+03 .7159E+00
.9930E+03 .7026E+00
.9940E+03 .7154E+00
.9950E+03 .7142E+00
.9960E+03 .7115E+00
.9970E+03 .7123E+00
.9980E+03 .7091E+00
.9990E+03 .7064E+00
.1000E+04 .7021E+00
.1001E+04 .7102E+00
.1002E+04 .6932E+00
.1003E+04 .6978E+00
.1004E+04 .6814E+00
.1005E+04 .6556E+00
.1006E+04 .6817E+00
.1007E+04 .6959E+00
.1008E+04 .6926E+00
.1009E+04 .6894E+00
.1010E+04 .6868E+00
.1011E+04 .6923E+00
.1012E+04 .6868E+00
.1013E+04 .6905E+00
.1014E+04 .6857E+00
.1015E+04 .6813E+00
.1016E+04 .6783E+00
.1017E+04 .6801E+00
.1018E+04 .6772E+00
.1019E+04 .6638E+00
.1020E+04 .6738E+00
.1021E+04 .6728E+00
.1022E+04 .6679E+00
.1023E+04 .6751E+00
.1024E+04 .6673E+00
.1025E+04 .6743E+00
.1026E+04 .6717E+00
.1027E+04 .6701E+00
.1028E+04 .6688E+00
.1029E+04 .6610E+00
.1030E+04 .6651E+00
.1031E+04 .6626E+00
.1032E+04 .6606E+00
.1033E+04 .6507E+00
.1034E+04 .6506E+00
.1035E+04 .6527E+00
.1036E+04 .6562E+00
.1037E+04 .6451E+00
.1038E+04 .6482E+00
.1039E+04 .6479E+00
.1040E+04 .6453E+00
.1041E+04 .6480E+00
.1042E+04 .6435E+00
.1043E+04 .6416E+00
.1044E+04 .6439E+00
.1045E+04 .6352E+00
.1046E+04 .6282E+00
.1047E+04 .6339E+00
.1048E+04 .6375E+00
.1049E+04 .6347E+00
.1050E+04 .6316E+00
.1051E+04 .6314E+00
.1052E+04 .6286E+00
.1053E+04 .6238E+00
.1054E+04 .6254E+00
.1055E+04 .6260E+00
.1056E+04 .6239E+00
.1057E+04 .6221E+00
.1058E+04 .6069E+00
.1059E+04 .6077E+00
.1060E+04 .6068E+00
.1061E+04 .6062E+00
.1062E+04 .6095E+00
.1063E+04 .6035E+00
.1064E+04 .6105E+00
.1065E+04 .6066E+00
.1066E+04 .5943E+00
.1067E+04 .6021E+00
.1068E+04 .5892E+00
.1069E+04 .5710E+00
.1070E+04 .5909E+00
.1071E+04 .5991E+00
.1072E+04 .5930E+00
.1073E+04 .5842E+00
.1074E+04 .5984E+00
.1075E+04 .5712E+00
.1076E+04 .5982E+00
.1077E+04 .5891E+00
.1078E+04 .5785E+00
.1079E+04 .5884E+00
.1080E+04 .5806E+00
.1081E+04 .5629E+00
.1082E+04 .5698E+00
.1083E+04 .5710E+00
.1084E+04 .5623E+00
.1085E+04 .5816E+00
.1086E+04 .5356E+00
.1087E+04 .5489E+00
.1088E+04 .5711E+00
.1089E+04 .5560E+00
.1090E+04 .5457E+00
.1091E+04 .5701E+00
.1092E+04 .5678E+00
.1093E+04 .4897E+00
.1094E+04 .5209E+00
.1095E+04 .5089E+00
.1096E+04 .4898E+00
.1097E+04 .5548E+00
.1098E+04 .4828E+00
.1099E+04 .5025E+00
.1100E+04 .4710E+00
.1101E+04 .4758E+00
.1102E+04 .4566E+00
.1103E+04 .4538E+00
.1104E+04 .4542E+00
.1105E+04 .4924E+00
.1106E+04 .3901E+00
.1107E+04 .4699E+00
.1108E+04 .4067E+00
.1109E+04 .4077E+00
.1110E+04 .4690E+00
.1111E+04 .3275E+00
.1112E+04 .4048E+00
.1113E+04 .2682E+00
.1114E+04 .2978E+00
.1115E+04 .2475E+00
.1116E+04 .2055E+00
.1117E+04 .8561E-01
.1118E+04 .2226E+00
.1119E+04 .1174E+00
.1120E+04 .1487E+00
.1121E+04 .1927E+00
.1122E+04 .8910E-01
.1123E+04 .1349E+00
.1124E+04 .1137E+00
.1125E+04 .1467E+00
.1126E+04 .5876E-01
.1127E+04 .1644E+00
.1128E+04 .1062E+00
.1129E+04 .1109E+00
.1130E+04 .7729E-01
.1131E+04 .2933E+00
.1132E+04 .2327E+00
.1133E+04 .1564E+00
.1134E+04 .4585E-01
.1135E+04 .1773E-01
.1136E+04 .1351E+00
.1137E+04 .2900E+00
.1138E+04 .2071E+00
.1139E+04 .2949E+00
.1140E+04 .2511E+00
.1141E+04 .1992E+00
.1142E+04 .2242E+00
.1143E+04 .3093E+00
.1144E+04 .1178E+00
.1145E+04 .1521E+00
.1146E+04 .1635E+00
.1147E+04 .6564E-01
.1148E+04 .2694E+00
.1149E+04 .2198E+00
.1150E+04 .1260E+00
.1151E+04 .2048E+00
.1152E+04 .2483E+00
.1153E+04 .2369E+00
.1154E+04 .1464E+00
.1155E+04 .3051E+00
.1156E+04 .2781E+00
.1157E+04 .3065E+00
.1158E+04 .3029E+00
.1159E+04 .3232E+00
.1160E+04 .2811E+00
.1161E+04 .3397E+00
.1162E+04 .3419E+00
.1163E+04 .4447E+00
.1164E+04 .3888E+00
.1165E+04 .3694E+00
.1166E+04 .3655E+00
.1167E+04 .3952E+00
.1168E+04 .3986E+00
.1169E+04 .4059E+00
.1170E+04 .4372E+00
.1171E+04 .4271E+00
.1172E+04 .4334E+00
.1173E+04 .4365E+00
.1174E+04 .3235E+00
.1175E+04 .4248E+00
.1176E+04 .4615E+00
.1177E+04 .4464E+00
.1178E+04 .3447E+00
.1179E+04 .4648E+00
.1180E+04 .4217E+00
.1181E+04 .4340E+00
.1182E+04 .3094E+00
.1183E+04 .4259E+00
.1184E+04 .4028E+00
.1185E+04 .3917E+00
.1186E+04 .4542E+00
.1187E+04 .4357E+00
.1188E+04 .3159E+00
.1189E+04 .4070E+00
.1190E+04 .4440E+00
.1191E+04 .4264E+00
.1192E+04 .4495E+00
.1193E+04 .4327E+00
.1194E+04 .4447E+00
.1195E+04 .4240E+00
.1196E+04 .4106E+00
.1197E+04 .4429E+00
.1198E+04 .4083E+00
.1199E+04 .3555E+00
.1200E+04 .4275E+00
.1201E+04 .4151E+00
.1202E+04 .4111E+00
.1203E+04 .4054E+00
.1204E+04 .3483E+00
.1205E+04 .4103E+00
.1206E+04 .4536E+00
.1207E+04 .4045E+00
.1208E+04 .3950E+00
.1209E+04 .4056E+00
.1210E+04 .4223E+00
.1211E+04 .4059E+00
.1212E+04 .4052E+00
.1213E+04 .4435E+00
.1214E+04 .4140E+00
.1215E+04 .4071E+00
.1216E+04 .4423E+00
.1217E+04 .4323E+00
.1218E+04 .4345E+00
.1219E+04 .4234E+00
.1220E+04 .4344E+00
.1221E+04 .4403E+00
.1222E+04 .4275E+00
.1223E+04 .4239E+00
.1224E+04 .4241E+00
.1225E+04 .4382E+00
.1226E+04 .4405E+00
.1227E+04 .4107E+00
.1228E+04 .4426E+00
.1229E+04 .4416E+00
.1230E+04 .4348E+00
.1231E+04 .4446E+00
.1232E+04 .4421E+00
.1233E+04 .4302E+00
.1234E+04 .4436E+00
.1235E+04 .4413E+00
.1236E+04 .4443E+00
.1237E+04 .4394E+00
.1238E+04 .4427E+00
.1239E+04 .4371E+00
.1240E+04 .4386E+00
.1241E+04 .4374E+00
.1242E+04 .4357E+00
.1243E+04 .4321E+00
.1244E+04 .4355E+00
.1245E+04 .4372E+00
.1246E+04 .4346E+00
.1247E+04 .4331E+00
.1248E+04 .4332E+00
.1249E+04 .4342E+00
.1250E+04 .4317E+00
.1251E+04 .4264E+00
.1252E+04 .4261E+00
.1253E+04 .4235E+00
.1254E+04 .4199E+00
.1255E+04 .4260E+00
.1256E+04 .4154E+00
.1257E+04 .4133E+00
.1258E+04 .4201E+00
.1259E+04 .4069E+00
.1260E+04 .4088E+00
.1261E+04 .3886E+00
.1262E+04 .3783E+00
.1263E+04 .3792E+00
.1264E+04 .3532E+00
.1265E+04 .3766E+00
.1266E+04 .3643E+00
.1267E+04 .3695E+00
.1268E+04 .3525E+00
.1269E+04 .2330E+00
.1270E+04 .3686E+00
.1271E+04 .3871E+00
.1272E+04 .3880E+00
.1273E+04 .3842E+00
.1274E+04 .3851E+00
.1275E+04 .3900E+00
.1276E+04 .3934E+00
.1277E+04 .3957E+00
.1278E+04 .4017E+00
.1279E+04 .3986E+00
.1280E+04 .3936E+00
.1281E+04 .3750E+00
.1282E+04 .3602E+00
.1283E+04 .3882E+00
.1284E+04 .3980E+00
.1285E+04 .4003E+00
.1286E+04 .4052E+00
.1287E+04 .4002E+00
.1288E+04 .3999E+00
.1289E+04 .3893E+00
.1290E+04 .3959E+00
.1291E+04 .4007E+00
.1292E+04 .3812E+00
.1293E+04 .3948E+00
.1294E+04 .3923E+00
.1295E+04 .3909E+00
.1296E+04 .3762E+00
.1297E+04 .3585E+00
.1298E+04 .3812E+00
.1299E+04 .3948E+00
.1300E+04 .3423E+00
.1301E+04 .3523E+00
.1302E+04 .3799E+00
.1303E+04 .3380E+00
.1304E+04 .2954E+00
.1305E+04 .3732E+00
.1306E+04 .3738E+00
.1307E+04 .3005E+00
.1308E+04 .3367E+00
.1309E+04 .3712E+00
.1310E+04 .2949E+00
.1311E+04 .3250E+00
.1312E+04 .3166E+00
.1313E+04 .3127E+00
.1314E+04 .2815E+00
.1315E+04 .2801E+00
.1316E+04 .3205E+00
.1317E+04 .3050E+00
.1318E+04 .3275E+00
.1319E+04 .2664E+00
.1320E+04 .2552E+00
.1321E+04 .2943E+00
.1322E+04 .2994E+00
.1323E+04 .2324E+00
.1324E+04 .2621E+00
.1325E+04 .3172E+00
.1326E+04 .2778E+00
.1327E+04 .2663E+00
.1328E+04 .2310E+00
.1329E+04 .1809E+00
.1330E+04 .2314E+00
.1331E+04 .1482E+00
.1332E+04 .1504E+00
.1333E+04 .2068E+00
.1334E+04 .1723E+00
.1335E+04 .2322E+00
.1336E+04 .1885E+00
.1337E+04 .1675E+00
.1338E+04 .1810E+00
.1339E+04 .1797E+00
.1340E+04 .1725E+00
.1341E+04 .1730E+00
.1342E+04 .1838E+00
.1343E+04 .1323E+00
.1344E+04 .8046E-01
.1345E+04 .1135E+00
.1346E+04 .6363E-01
.1347E+04 .6592E-01
.1348E+04 .5980E-02
.1349E+04 .1930E-01
.1350E+04 .1929E-01
.1351E+04 .6121E-02
.1352E+04 .2248E-02
.1353E+04 .1697E-03
.1354E+04 .4677E-03
.1355E+04 .7641E-05
.1356E+04 .9297E-04
.1357E+04 .1336E-03
.1358E+04 .9053E-05
.1359E+04 .1883E-05
.1360E+04 .5040E-05
.1361E+04 .1701E-07
.1362E+04 .7822E-10
.1363E+04 .7327E-05
.1364E+04 .3196E-05
.1365E+04 .6037E-10
.1366E+04 .3012E-04
.1367E+04 .1159E-04
.1368E+04 .1445E-11
.1369E+04 .1483E-05
.1370E+04 .8479E-06
.1371E+04 .6552E-07
.1372E+04 .6959E-05
.1373E+04 .8467E-04
.1374E+04 .3059E-03
.1375E+04 .5639E-03
.1376E+04 .4420E-03
.1377E+04 .2204E-03
.1378E+04 .1681E-02
.1379E+04 .9261E-04
.1380E+04 .1428E-03
.1381E+04 .4793E-05
.1382E+04 .6174E-05
.1383E+04 .1129E-06
.1384E+04 .1686E-05
.1385E+04 .4271E-05
.1386E+04 .5985E-05
.1387E+04 .2890E-03
.1388E+04 .7744E-05
.1389E+04 .9291E-03
.1390E+04 .8094E-03
.1391E+04 .5613E-03
.1392E+04 .4723E-04
.1393E+04 .2109E-03
.1394E+04 .1411E-03
.1395E+04 .1499E-05
.1396E+04 .2212E-07
.1397E+04 .9953E-04
.1398E+04 .1781E-02
.1399E+04 .1217E-02
.1400E+04 .1311E-07
.1401E+04 .3472E-07
.1402E+04 .2600E-02
.1403E+04 .3339E-02
.1404E+04 .1052E-02
.1405E+04 .1147E-05
.1406E+04 .2649E-02
.1407E+04 .2675E-03
.1408E+04 .2352E-02
.1409E+04 .9163E-03
.1410E+04 .7340E-03
.1411E+04 .2924E-02
.1412E+04 .3579E-02
.1413E+04 .2460E-01
.1414E+04 .5564E-03
.1415E+04 .2966E-03
.1416E+04 .3917E-01
.1417E+04 .1339E-01
.1418E+04 .1652E-01
.1419E+04 .2759E-02
.1420E+04 .1041E-01
.1421E+04 .1089E-01
.1422E+04 .5145E-01
.1423E+04 .1057E-01
.1424E+04 .1959E-01
.1425E+04 .2911E-01
.1426E+04 .3144E-01
.1427E+04 .5487E-01
.1428E+04 .5771E-02
.1429E+04 .4115E-01
.1430E+04 .6778E-01
.1431E+04 .5201E-01
.1432E+04 .3091E-02
.1433E+04 .3737E-01
.1434E+04 .2343E-01
.1435E+04 .2424E-01
.1436E+04 .4292E-01
.1437E+04 .3172E-01
.1438E+04 .1560E-01
.1439E+04 .5321E-01
.1440E+04 .4227E-01
.1441E+04 .3611E-01
.1442E+04 .4085E-01
.1443E+04 .4975E-01
.1444E+04 .6536E-01
.1445E+04 .5467E-01
.1446E+04 .2632E-01
.1447E+04 .4069E-01
.1448E+04 .1206E+00
.1449E+04 .1076E+00
.1450E+04 .3139E-01
.1451E+04 .1362E-01
.1452E+04 .6849E-01
.1453E+04 .8826E-01
.1454E+04 .1419E+00
.1455E+04 .7107E-01
.1456E+04 .9556E-01
.1457E+04 .1228E+00
.1458E+04 .1409E+00
.1459E+04 .1667E+00
.1460E+04 .9068E-01
.1461E+04 .9591E-01
.1462E+04 .1355E+00
.1463E+04 .4765E-01
.1464E+04 .1578E+00
.1465E+04 .9631E-01
.1466E+04 .7128E-01
.1467E+04 .4055E-01
.1468E+04 .8304E-01
.1469E+04 .9957E-01
.1470E+04 .5534E-01
.1471E+04 .2106E-01
.1472E+04 .5198E-01
.1473E+04 .7412E-01
.1474E+04 .1029E+00
.1475E+04 .1867E+00
.1476E+04 .7263E-01
.1477E+04 .7411E-01
.1478E+04 .6744E-01
.1479E+04 .1240E+00
.1480E+04 .6465E-01
.1481E+04 .1203E+00
.1482E+04 .6145E-01
.1483E+04 .1528E+00
.1484E+04 .1408E+00
.1485E+04 .1274E+00
.1486E+04 .1266E+00
.1487E+04 .6202E-01
.1488E+04 .1017E+00
.1489E+04 .1927E+00
.1490E+04 .1754E+00
.1491E+04 .1959E+00
.1492E+04 .1675E+00
.1493E+04 .1828E+00
.1494E+04 .2020E+00
.1495E+04 .1809E+00
.1496E+04 .1702E+00
.1497E+04 .2243E+00
.1498E+04 .1892E+00
.1499E+04 .2185E+00
.1500E+04 .2459E+00
.1501E+04 .2576E+00
.1502E+04 .2198E+00
.1503E+04 .1911E+00
.1504E+04 .1558E+00
.1505E+04 .1836E+00
.1506E+04 .2553E+00
.1507E+04 .2474E+00
.1508E+04 .2367E+00
.1509E+04 .1872E+00
.1510E+04 .2645E+00
.1511E+04 .2573E+00
.1512E+04 .2537E+00
.1513E+04 .2367E+00
.1514E+04 .2232E+00
.1515E+04 .2599E+00
.1516E+04 .2498E+00
.1517E+04 .2461E+00
.1518E+04 .2449E+00
.1519E+04 .2407E+00
.1520E+04 .2560E+00
.1521E+04 .2688E+00
.1522E+04 .2582E+00
.1523E+04 .2724E+00
.1524E+04 .2659E+00
.1525E+04 .2561E+00
.1526E+04 .2595E+00
.1527E+04 .2573E+00
.1528E+04 .2711E+00
.1529E+04 .2589E+00
.1530E+04 .2544E+00
.1531E+04 .2614E+00
.1532E+04 .2685E+00
.1533E+04 .2663E+00
.1534E+04 .2607E+00
.1535E+04 .2600E+00
.1536E+04 .2658E+00
.1537E+04 .2622E+00
.1538E+04 .2652E+00
.1539E+04 .2597E+00
.1540E+04 .2581E+00
.1541E+04 .2610E+00
.1542E+04 .2601E+00
.1543E+04 .2645E+00
.1544E+04 .2635E+00
.1545E+04 .2679E+00
.1546E+04 .2646E+00
.1547E+04 .2607E+00
.1548E+04 .2607E+00
.1549E+04 .2627E+00
.1550E+04 .2610E+00
.1551E+04 .2631E+00
.1552E+04 .2618E+00
.1553E+04 .2594E+00
.1554E+04 .2573E+00
.1555E+04 .2578E+00
.1556E+04 .2578E+00
.1557E+04 .2608E+00
.1558E+04 .2593E+00
.1559E+04 .2577E+00
.1560E+04 .2595E+00
.1561E+04 .2613E+00
.1562E+04 .2583E+00
.1563E+04 .2561E+00
.1564E+04 .2573E+00
.1565E+04 .2574E+00
.1566E+04 .2540E+00
.1567E+04 .2536E+00
.1568E+04 .2484E+00
.1569E+04 .2430E+00
.1570E+04 .2330E+00
.1571E+04 .2212E+00
.1572E+04 .2224E+00
.1573E+04 .2207E+00
.1574E+04 .2226E+00
.1575E+04 .2342E+00
.1576E+04 .2263E+00
.1577E+04 .2111E+00
.1578E+04 .2231E+00
.1579E+04 .2241E+00
.1580E+04 .2318E+00
.1581E+04 .2316E+00
.1582E+04 .2300E+00
.1583E+04 .2344E+00
.1584E+04 .2404E+00
.1585E+04 .2448E+00
.1586E+04 .2437E+00
.1587E+04 .2402E+00
.1588E+04 .2332E+00
.1589E+04 .2260E+00
.1590E+04 .2314E+00
.1591E+04 .2371E+00
.1592E+04 .2445E+00
.1593E+04 .2479E+00
.1594E+04 .2478E+00
.1595E+04 .2442E+00
.1596E+04 .2370E+00
.1597E+04 .2427E+00
.1598E+04 .2431E+00
.1599E+04 .2338E+00
.1600E+04 .2242E+00
.1601E+04 .2131E+00
.1602E+04 .2120E+00
.1603E+04 .2119E+00
.1604E+04 .2143E+00
.1605E+04 .2265E+00
.1606E+04 .2287E+00
.1607E+04 .2233E+00
.1608E+04 .2163E+00
.1609E+04 .2082E+00
.1610E+04 .2090E+00
.1611E+04 .2153E+00
.1612E+04 .2209E+00
.1613E+04 .2248E+00
.1614E+04 .2280E+00
.1615E+04 .2246E+00
.1616E+04 .2226E+00
.1617E+04 .2282E+00
.1618E+04 .2323E+00
.1619E+04 .2290E+00
.1620E+04 .2242E+00
.1621E+04 .2272E+00
.1622E+04 .2309E+00
.1623E+04 .2344E+00
.1624E+04 .2319E+00
.1625E+04 .2311E+00
.1626E+04 .2316E+00
.1627E+04 .2332E+00
.1628E+04 .2326E+00
.1629E+04 .2305E+00
.1630E+04 .2291E+00
.1631E+04 .2280E+00
.1632E+04 .2278E+00
.1633E+04 .2211E+00
.1634E+04 .2257E+00
.1635E+04 .2230E+00
.1636E+04 .2206E+00
.1637E+04 .2179E+00
.1638E+04 .2053E+00
.1639E+04 .2122E+00
.1640E+04 .2030E+00
.1641E+04 .2085E+00
.1642E+04 .2122E+00
.1643E+04 .2017E+00
.1644E+04 .2126E+00
.1645E+04 .2091E+00
.1646E+04 .2061E+00
.1647E+04 .2172E+00
.1648E+04 .2033E+00
.1649E+04 .2109E+00
.1650E+04 .2136E+00
.1651E+04 .1992E+00
.1652E+04 .2135E+00
.1653E+04 .2151E+00
.1654E+04 .2050E+00
.1655E+04 .2158E+00
.1656E+04 .2130E+00
.1657E+04 .2144E+00
.1658E+04 .2168E+00
.1659E+04 .2152E+00
.1660E+04 .2173E+00
.1661E+04 .2168E+00
.1662E+04 .2114E+00
.1663E+04 .2150E+00
.1664E+04 .2135E+00
.1665E+04 .2020E+00
.1666E+04 .1676E+00
.1667E+04 .2002E+00
.1668E+04 .2070E+00
.1669E+04 .2093E+00
.1670E+04 .2123E+00
.1671E+04 .2064E+00
.1672E+04 .2039E+00
.1673E+04 .2085E+00
.1674E+04 .2044E+00
.1675E+04 .2012E+00
.1676E+04 .2030E+00
.1677E+04 .2027E+00
.1678E+04 .1974E+00
.1679E+04 .2005E+00
.1680E+04 .1926E+00
.1681E+04 .1868E+00
.1682E+04 .1968E+00
.1683E+04 .2011E+00
.1684E+04 .1889E+00
.1685E+04 .2034E+00
.1686E+04 .2029E+00
.1687E+04 .1962E+00
.1688E+04 .2018E+00
.1689E+04 .1998E+00
.1690E+04 .1998E+00
.1691E+04 .1855E+00
.1692E+04 .1995E+00
.1693E+04 .2039E+00
.1694E+04 .1973E+00
.1695E+04 .2018E+00
.1696E+04 .2019E+00
.1697E+04 .1755E+00
.1698E+04 .2001E+00
.1699E+04 .1978E+00
.1700E+04 .1930E+00
.1702E+04 .1953E+00
.1705E+04 .1905E+00
.1710E+04 .1816E+00
.1715E+04 .1825E+00
.1720E+04 .1801E+00
.1725E+04 .1697E+00
.1730E+04 .1681E+00
.1735E+04 .1574E+00
.1740E+04 .1599E+00
.1745E+04 .1515E+00
.1750E+04 .1607E+00
.1755E+04 .1495E+00
.1760E+04 .1551E+00
.1765E+04 .1299E+00
.1770E+04 .1389E+00
.1775E+04 .1146E+00
.1780E+04 .9980E-01
.1785E+04 .7776E-01
.1790E+04 .8858E-01
.1795E+04 .4854E-01
.1800E+04 .3338E-01
.1805E+04 .1653E-01
.1810E+04 .1133E-01
.1815E+04 .4328E-02
.1820E+04 .1325E-02
.1825E+04 .1775E-02
.1830E+04 .1036E-04
.1835E+04 .1331E-04
.1840E+04 .1673E-06
.1845E+04 .1382E-04
.1850E+04 .6619E-05
.1855E+04 .6814E-06
.1860E+04 .2082E-04
.1865E+04 .3128E-04
.1870E+04 .9994E-09
.1875E+04 .1695E-08
.1880E+04 .1248E-03
.1885E+04 .7852E-04
.1890E+04 .3651E-03
.1895E+04 .2088E-03
.1900E+04 .1872E-05
.1905E+04 .1214E-05
.1910E+04 .4412E-04
.1915E+04 .3540E-04
.1920E+04 .6638E-03
.1925E+04 .1265E-02
.1930E+04 .7759E-03
.1935E+04 .4428E-02
.1940E+04 .4051E-02
.1945E+04 .1192E-01
.1950E+04 .1642E-01
.1955E+04 .9177E-02
.1960E+04 .2058E-01
.1965E+04 .2637E-01
.1970E+04 .4549E-01
.1975E+04 .6584E-01
.1980E+04 .7362E-01
.1985E+04 .8098E-01
.1990E+04 .8390E-01
.1995E+04 .7837E-01
.2000E+04 .3158E-01
.2005E+04 .1088E-01
.2010E+04 .3180E-01
.2015E+04 .2066E-01
.2020E+04 .3804E-01
.2025E+04 .6742E-01
.2030E+04 .8059E-01
.2035E+04 .9194E-01
.2040E+04 .8633E-01
.2045E+04 .8712E-01
.2050E+04 .6175E-01
.2055E+04 .4833E-01
.2060E+04 .6400E-01
.2065E+04 .5622E-01
.2070E+04 .6060E-01
.2075E+04 .7338E-01
.2080E+04 .8448E-01
.2085E+04 .8275E-01
.2090E+04 .8694E-01
.2095E+04 .8833E-01
.2100E+04 .8521E-01
.2105E+04 .9181E-01
.2110E+04 .8846E-01
.2115E+04 .9039E-01
.2120E+04 .8615E-01
.2125E+04 .8723E-01
.2130E+04 .8806E-01
.2135E+04 .8841E-01
.2140E+04 .8890E-01
.2145E+04 .8789E-01
.2150E+04 .8300E-01
.2155E+04 .8315E-01
.2160E+04 .8199E-01
.2165E+04 .7519E-01
.2170E+04 .7973E-01
.2175E+04 .7849E-01
.2180E+04 .8000E-01
.2185E+04 .7309E-01
.2190E+04 .7770E-01
.2195E+04 .7712E-01
.2200E+04 .6837E-01
.2205E+04 .7183E-01
.2210E+04 .7711E-01
.2215E+04 .7415E-01
.2220E+04 .7529E-01
.2225E+04 .7326E-01
.2230E+04 .7336E-01
.2235E+04 .7174E-01
.2240E+04 .7083E-01
.2245E+04 .6823E-01
.2250E+04 .6973E-01
.2255E+04 .6537E-01
.2260E+04 .6443E-01
.2265E+04 .6598E-01
.2270E+04 .6224E-01
.2275E+04 .6126E-01
.2280E+04 .6406E-01
.2285E+04 .6003E-01
.2290E+04 .6006E-01
.2295E+04 .5843E-01
.2300E+04 .5553E-01
.2305E+04 .5606E-01
.2310E+04 .6167E-01
.2315E+04 .5514E-01
.2320E+04 .4858E-01
.2325E+04 .5451E-01
.2330E+04 .5432E-01
.2335E+04 .5539E-01
.2340E+04 .4379E-01
.2345E+04 .4871E-01
.2350E+04 .3919E-01
.2355E+04 .4509E-01
.2360E+04 .4782E-01
.2365E+04 .4768E-01
.2370E+04 .2843E-01
.2375E+04 .4202E-01
.2380E+04 .4119E-01
.2385E+04 .3008E-01
.2390E+04 .3537E-01
.2395E+04 .3847E-01
.2400E+04 .4209E-01
.2405E+04 .3271E-01
.2410E+04 .3305E-01
.2415E+04 .2714E-01
.2420E+04 .2613E-01
.2425E+04 .3234E-01
.2430E+04 .4329E-01
.2435E+04 .1512E-01
.2440E+04 .4229E-01
.2445E+04 .2097E-01
.2450E+04 .1399E-01
.2455E+04 .2513E-01
.2460E+04 .3295E-01
.2465E+04 .2425E-01
.2470E+04 .1718E-01
.2475E+04 .1698E-01
.2480E+04 .8802E-02
.2485E+04 .6264E-02
.2490E+04 .3974E-02
.2495E+04 .3504E-02
.2500E+04 .7847E-02
.2505E+04 .1855E-02
.2510E+04 .2674E-02
.2515E+04 .6929E-03
.2520E+04 .5085E-03
.2525E+04 .7027E-04
.2530E+04 .1219E-05
.2535E+04 .3487E-06
.2540E+04 .8108E-06
.2545E+04 .1698E-09
.2550E+04 .4417E-11
.2555E+04 .4780E-08
.2560E+04 .2805E-09
.2565E+04 .1962E-12
.2570E+04 .1916E-16
.2575E+04 .2578E-24
.2580E+04 .1839E-19
.2585E+04 .1559E-30
.2590E+04 .1787E-27
.2595E+04 .3445E-29
.2600E+04 .6608E-25
.2605E+04 .2837E-30
.2610E+04 .3699E-30
.2615E+04 .4467E-33
.2620E+04 .4684E-25
.2625E+04 .3729E-25
.2630E+04 .2000E-40
.2635E+04 .4813E-14
.2640E+04 .1613E-14
.2645E+04 .1431E-16
.2650E+04 .3881E-17
.2655E+04 .1626E-24
.2660E+04 .4871E-22
.2665E+04 .4255E-33
.2670E+04 .0000E+00
.2675E+04 .0000E+00
.2680E+04 .0000E+00
.2685E+04 .0000E+00
.2690E+04 .1675E-28
.2695E+04 .1497E-30
.2700E+04 .0000E+00
.2705E+04 .1401E-44
.2710E+04 .4394E-34
.2715E+04 .9152E-25
.2720E+04 .1239E-40
.2725E+04 .4814E-19
.2730E+04 .2819E-17
.2735E+04 .6155E-19
.2740E+04 .7157E-24
.2745E+04 .1926E-21
.2750E+04 .1587E-27
.2755E+04 .0000E+00
.2760E+04 .0000E+00
.2765E+04 .1989E-25
.2770E+04 .4712E-22
.2775E+04 .9150E-40
.2780E+04 .1847E-35
.2785E+04 .2602E-27
.2790E+04 .1006E-15
.2795E+04 .6735E-15
.2800E+04 .1934E-11
.2805E+04 .1014E-12
.2810E+04 .5085E-09
.2815E+04 .4513E-09
.2820E+04 .5057E-10
.2825E+04 .2808E-06
.2830E+04 .5799E-05
.2835E+04 .6085E-09
.2840E+04 .3648E-06
.2845E+04 .5390E-04
.2850E+04 .1985E-05
.2855E+04 .8132E-06
.2860E+04 .3874E-04
.2865E+04 .2245E-03
.2870E+04 .1089E-04
.2875E+04 .5071E-03
.2880E+04 .3455E-03
.2885E+04 .5976E-03
.2890E+04 .2565E-03
.2895E+04 .3142E-02
.2900E+04 .1054E-02
.2905E+04 .1688E-03
.2910E+04 .2683E-02
.2915E+04 .1571E-02
.2920E+04 .3384E-02
.2925E+04 .1313E-02
.2930E+04 .6697E-02
.2935E+04 .7260E-02
.2940E+04 .1973E-02
.2945E+04 .1819E-02
.2950E+04 .5918E-02
.2955E+04 .2734E-02
.2960E+04 .5211E-02
.2965E+04 .8123E-02
.2970E+04 .4548E-03
.2975E+04 .1084E-02
.2980E+04 .1604E-02
.2985E+04 .7654E-02
.2990E+04 .1106E-01
.2995E+04 .4792E-02
.3000E+04 .8521E-02
.3005E+04 .3277E-02
.3010E+04 .7445E-02
.3015E+04 .6155E-02
.3020E+04 .8162E-03
.3025E+04 .8100E-02
.3030E+04 .6625E-02
.3035E+04 .2865E-02
.3040E+04 .2378E-02
.3045E+04 .4620E-02
.3050E+04 .1296E-02
.3055E+04 .3899E-03
.3060E+04 .6787E-02
.3065E+04 .3350E-02
.3070E+04 .2121E-02
.3075E+04 .6529E-02
.3080E+04 .4143E-02
.3085E+04 .2072E-02
.3090E+04 .2839E-02
.3095E+04 .8410E-03
.3100E+04 .4894E-02
.3105E+04 .1124E-02
.3110E+04 .1091E-02
.3115E+04 .2687E-02
.3120E+04 .1054E-01
.3125E+04 .3489E-02
.3130E+04 .6258E-02
.3135E+04 .1213E-01
.3140E+04 .3723E-02
.3145E+04 .3632E-02
.3150E+04 .7169E-02
.3155E+04 .6074E-02
.3160E+04 .9596E-02
.3165E+04 .1411E-01
.3170E+04 .1295E-01
.3175E+04 .9231E-02
.3180E+04 .1105E-01
.3185E+04 .7903E-02
.3190E+04 .4553E-02
.3195E+04 .2813E-02
.3200E+04 .5266E-03
.3205E+04 .3805E-03
.3210E+04 .1752E-03
.3215E+04 .6046E-03
.3220E+04 .1649E-02
.3225E+04 .2607E-03
.3230E+04 .3875E-03
.3235E+04 .7546E-02
.3240E+04 .3535E-02
.3245E+04 .8678E-03
.3250E+04 .2494E-02
.3255E+04 .1004E-01
.3260E+04 .1217E-02
.3265E+04 .2757E-02
.3270E+04 .1247E-02
.3275E+04 .6190E-02
.3280E+04 .2859E-02
.3285E+04 .1130E-01
.3290E+04 .8493E-02
.3295E+04 .1410E-02
.3300E+04 .1872E-02
.3305E+04 .4162E-02
.3310E+04 .3629E-02
.3315E+04 .5167E-05
.3320E+04 .5073E-04
.3325E+04 .3143E-02
.3330E+04 .4739E-02
.3335E+04 .8799E-02
.3340E+04 .3745E-02
.3345E+04 .3455E-02
.3350E+04 .8366E-02
.3355E+04 .3620E-02
.3360E+04 .5425E-02
.3365E+04 .7359E-02
.3370E+04 .3657E-02
.3375E+04 .8701E-02
.3380E+04 .4639E-02
.3385E+04 .7528E-02
.3390E+04 .9350E-02
.3395E+04 .9320E-02
.3400E+04 .1244E-01
.3405E+04 .4005E-02
.3410E+04 .7194E-02
.3415E+04 .6596E-02
.3420E+04 .1314E-01
.3425E+04 .9472E-02
.3430E+04 .7951E-02
.3435E+04 .1167E-01
.3440E+04 .7432E-02
.3445E+04 .1126E-01
.3450E+04 .1077E-01
.3455E+04 .7934E-02
.3460E+04 .1258E-01
.3465E+04 .9213E-02
.3470E+04 .1219E-01
.3475E+04 .1069E-01
.3480E+04 .1090E-01
.3485E+04 .1197E-01
.3490E+04 .1013E-01
.3495E+04 .1209E-01
.3500E+04 .1181E-01
.3505E+04 .1168E-01
.3510E+04 .1191E-01
.3515E+04 .1152E-01
.3520E+04 .1211E-01
.3525E+04 .1137E-01
.3530E+04 .1104E-01
.3535E+04 .9161E-02
.3540E+04 .8737E-02
.3545E+04 .9243E-02
.3550E+04 .1043E-01
.3555E+04 .9036E-02
.3560E+04 .1070E-01
.3565E+04 .1057E-01
.3570E+04 .8331E-02
.3575E+04 .8588E-02
.3580E+04 .9978E-02
.3585E+04 .8987E-02
.3590E+04 .9402E-02
.3595E+04 .9621E-02
.3600E+04 .1021E-01
.3605E+04 .1007E-01
.3610E+04 .9388E-02
.3615E+04 .9454E-02
.3620E+04 .1146E-01
.3625E+04 .9994E-02
.3630E+04 .9860E-02
.3635E+04 .1019E-01
.3640E+04 .1129E-01
.3645E+04 .1022E-01
.3650E+04 .9875E-02
.3655E+04 .1077E-01
.3660E+04 .1073E-01
.3665E+04 .9936E-02
.3670E+04 .7859E-02
.3675E+04 .4946E-02
.3680E+04 .8251E-02
.3685E+04 .9224E-02
.3690E+04 .9485E-02
.3695E+04 .9902E-02
.3700E+04 .1059E-01
.3705E+04 .1044E-01
.3710E+04 .9108E-02
.3715E+04 .9031E-02
.3720E+04 .1019E-01
.3725E+04 .1040E-01
.3730E+04 .9086E-02
.3735E+04 .8372E-02
.3740E+04 .8578E-02
.3745E+04 .9903E-02
.3750E+04 .9057E-02
.3755E+04 .8822E-02
.3760E+04 .8756E-02
.3765E+04 .8406E-02
.3770E+04 .8985E-02
.3775E+04 .8879E-02
.3780E+04 .9371E-02
.3785E+04 .8641E-02
.3790E+04 .7650E-02
.3795E+04 .8647E-02
.3800E+04 .9586E-02
.3805E+04 .9059E-02
.3810E+04 .8110E-02
.3815E+04 .7627E-02
.3820E+04 .9413E-02
.3825E+04 .9276E-02
.3830E+04 .9391E-02
.3835E+04 .7560E-02
.3840E+04 .8745E-02
.3845E+04 .8507E-02
.3850E+04 .8589E-02
.3855E+04 .8298E-02
.3860E+04 .7801E-02
.3865E+04 .7830E-02
.3870E+04 .7125E-02
.3875E+04 .6530E-02
.3880E+04 .6311E-02
.3885E+04 .6516E-02
.3890E+04 .6610E-02
.3895E+04 .7216E-02
.3900E+04 .7690E-02
.3905E+04 .7630E-02
.3910E+04 .6849E-02
.3915E+04 .6712E-02
.3920E+04 .6704E-02
.3925E+04 .6593E-02
.3930E+04 .6797E-02
.3935E+04 .7082E-02
.3940E+04 .7159E-02
.3945E+04 .7281E-02
.3950E+04 .7385E-02
.3955E+04 .7438E-02
.3960E+04 .7476E-02
.3965E+04 .7548E-02
.3970E+04 .7462E-02
.3975E+04 .7242E-02
.3980E+04 .7128E-02
.3985E+04 .7168E-02
.3990E+04 .7087E-02
.3995E+04 .6954E-02
.4000E+04 .6678E-02
