Wvlgth Global_tilted_irradiance
.2800E+03 .2616E-20
.2810E+03 .4687E-18
.2820E+03 .7249E-18
.2830E+03 .5815E-17
.2840E+03 .1487E-15
.2850E+03 .9066E-15
.2860E+03 .2015E-13
.2870E+03 .2481E-12
.2880E+03 .3775E-11
.2890E+03 .2826E-10
.2900E+03 .2981E-09
.2910E+03 .1490E-08
.2920E+03 .1145E-07
.2930E+03 .4870E-07
.2940E+03 .2630E-06
.2950E+03 .8215E-06
.2960E+03 .4343E-05
.2970E+03 .1017E-04
.2980E+03 .4288E-04
.2990E+03 .1163E-03
.3000E+03 .2065E-03
.3010E+03 .6757E-03
.3020E+03 .9053E-03
.3030E+03 .3668E-02
.3040E+03 .4091E-02
.3050E+03 .9489E-02
.3060E+03 .1024E-01
.3070E+03 .1852E-01
.3080E+03 .2609E-01
.3090E+03 .2877E-01
.3100E+03 .3392E-01
.3110E+03 .6752E-01
.3120E+03 .6674E-01
.3130E+03 .8555E-01
.3140E+03 .1067E+00
.3150E+03 .1219E+00
.3160E+03 .8978E-01
.3170E+03 .1586E+00
.3180E+03 .1286E+00
.3190E+03 .1879E+00
.3200E+03 .1882E+00
.3210E+03 .2035E+00
.3220E+03 .2133E+00
.3230E+03 .1829E+00
.3240E+03 .2591E+00
.3250E+03 .2314E+00
.3260E+03 .3578E+00
.3270E+03 .3575E+00
.3280E+03 .3120E+00
.3290E+03 .3860E+00
.3300E+03 .4421E+00
.3310E+03 .3656E+00
.3320E+03 .3979E+00
.3330E+03 .3906E+00
.3340E+03 .3676E+00
.3350E+03 .3941E+00
.3360E+03 .3180E+00
.3370E+03 .3096E+00
.3380E+03 .3753E+00
.3390E+03 .4240E+00
.3400E+03 .4847E+00
.3410E+03 .4241E+00
.3420E+03 .4675E+00
.3430E+03 .4852E+00
.3440E+03 .3381E+00
.3450E+03 .4518E+00
.3460E+03 .3929E+00
.3470E+03 .4778E+00
.3480E+03 .4410E+00
.3490E+03 .4101E+00
.3500E+03 .5064E+00
.3510E+03 .4749E+00
.3520E+03 .4982E+00
.3530E+03 .4921E+00
.3540E+03 .5398E+00
.3550E+03 .5478E+00
.3560E+03 .5242E+00
.3570E+03 .3675E+00
.3580E+03 .3585E+00
.3590E+03 .4319E+00
.3600E+03 .5849E+00
.3610E+03 .4243E+00
.3620E+03 .4246E+00
.3630E+03 .5280E+00
.3640E+03 .5968E+00
.3650E+03 .5161E+00
.3660E+03 .6893E+00
.3670E+03 .6331E+00
.3680E+03 .5729E+00
.3690E+03 .6280E+00
.3700E+03 .7165E+00
.3710E+03 .5979E+00
.3720E+03 .4929E+00
.3730E+03 .6050E+00
.3740E+03 .5741E+00
.3750E+03 .4638E+00
.3760E+03 .5704E+00
.3770E+03 .6291E+00
.3780E+03 .8043E+00
.3790E+03 .6274E+00
.3800E+03 .5919E+00
.3810E+03 .7226E+00
.3820E+03 .5102E+00
.3830E+03 .4046E+00
.3840E+03 .4287E+00
.3850E+03 .6258E+00
.3860E+03 .5021E+00
.3870E+03 .5498E+00
.3880E+03 .5704E+00
.3890E+03 .6095E+00
.3900E+03 .7430E+00
.3910E+03 .8072E+00
.3920E+03 .6911E+00
.3930E+03 .3474E+00
.3940E+03 .5157E+00
.3950E+03 .8001E+00
.3960E+03 .7021E+00
.3970E+03 .3111E+00
.3980E+03 .8797E+00
.3990E+03 .9927E+00
.4000E+03 .1020E+01
.4010E+03 .1044E+01
.4020E+03 .1110E+01
.4030E+03 .1061E+01
.4040E+03 .1041E+01
.4050E+03 .1038E+01
.4060E+03 .1030E+01
.4070E+03 .1022E+01
.4080E+03 .1050E+01
.4090E+03 .1124E+01
.4100E+03 .9843E+00
.4110E+03 .1070E+01
.4120E+03 .1159E+01
.4130E+03 .1116E+01
.4140E+03 .1136E+01
.4150E+03 .1146E+01
.4160E+03 .1178E+01
.4170E+03 .1147E+01
.4180E+03 .1124E+01
.4190E+03 .1139E+01
.4200E+03 .1132E+01
.4210E+03 .1187E+01
.4220E+03 .1129E+01
.4230E+03 .1106E+01
.4240E+03 .1167E+01
.4250E+03 .1172E+01
.4260E+03 .1155E+01
.4270E+03 .1129E+01
.4280E+03 .1093E+01
.4290E+03 .1047E+01
.4300E+03 .9186E+00
.4310E+03 .9010E+00
.4320E+03 .1176E+01
.4330E+03 .1185E+01
.4340E+03 .1094E+01
.4350E+03 .1133E+01
.4360E+03 .1289E+01
.4370E+03 .1286E+01
.4380E+03 .1179E+01
.4390E+03 .1192E+01
.4400E+03 .1241E+01
.4410E+03 .1307E+01
.4420E+03 .1408E+01
.4430E+03 .1366E+01
.4440E+03 .1389E+01
.4450E+03 .1344E+01
.4460E+03 .1301E+01
.4470E+03 .1413E+01
.4480E+03 .1404E+01
.4490E+03 .1436E+01
.4500E+03 .1488E+01
.4510E+03 .1542E+01
.4520E+03 .1485E+01
.4530E+03 .1398E+01
.4540E+03 .1469E+01
.4550E+03 .1472E+01
.4560E+03 .1513E+01
.4570E+03 .1544E+01
.4580E+03 .1477E+01
.4590E+03 .1481E+01
.4600E+03 .1482E+01
.4610E+03 .1518E+01
.4620E+03 .1541E+01
.4630E+03 .1510E+01
.4640E+03 .1495E+01
.4650E+03 .1490E+01
.4660E+03 .1515E+01
.4670E+03 .1471E+01
.4680E+03 .1494E+01
.4690E+03 .1511E+01
.4700E+03 .1465E+01
.4710E+03 .1466E+01
.4720E+03 .1542E+01
.4730E+03 .1522E+01
.4740E+03 .1506E+01
.4750E+03 .1525E+01
.4760E+03 .1494E+01
.4770E+03 .1504E+01
.4780E+03 .1548E+01
.4790E+03 .1535E+01
.4800E+03 .1533E+01
.4810E+03 .1568E+01
.4820E+03 .1584E+01
.4830E+03 .1574E+01
.4840E+03 .1543E+01
.4850E+03 .1467E+01
.4860E+03 .1282E+01
.4870E+03 .1348E+01
.4880E+03 .1468E+01
.4890E+03 .1461E+01
.4900E+03 .1552E+01
.4910E+03 .1539E+01
.4920E+03 .1453E+01
.4930E+03 .1499E+01
.4940E+03 .1508E+01
.4950E+03 .1520E+01
.4960E+03 .1530E+01
.4970E+03 .1561E+01
.4980E+03 .1499E+01
.4990E+03 .1524E+01
.5000E+03 .1483E+01
.5010E+03 .1453E+01
.5020E+03 .1428E+01
.5030E+03 .1481E+01
.5040E+03 .1441E+01
.5050E+03 .1489E+01
.5060E+03 .1549E+01
.5070E+03 .1477E+01
.5080E+03 .1433E+01
.5090E+03 .1468E+01
.5100E+03 .1458E+01
.5110E+03 .1501E+01
.5120E+03 .1520E+01
.5130E+03 .1443E+01
.5140E+03 .1438E+01
.5150E+03 .1427E+01
.5160E+03 .1425E+01
.5170E+03 .1269E+01
.5180E+03 .1331E+01
.5190E+03 .1393E+01
.5200E+03 .1445E+01
.5210E+03 .1463E+01
.5220E+03 .1466E+01
.5230E+03 .1440E+01
.5240E+03 .1492E+01
.5250E+03 .1500E+01
.5260E+03 .1435E+01
.5270E+03 .1356E+01
.5280E+03 .1436E+01
.5290E+03 .1516E+01
.5300E+03 .1496E+01
.5310E+03 .1519E+01
.5320E+03 .1466E+01
.5330E+03 .1425E+01
.5340E+03 .1471E+01
.5350E+03 .1507E+01
.5360E+03 .1522E+01
.5370E+03 .1463E+01
.5380E+03 .1486E+01
.5390E+03 .1472E+01
.5400E+03 .1416E+01
.5410E+03 .1425E+01
.5420E+03 .1464E+01
.5430E+03 .1450E+01
.5440E+03 .1477E+01
.5450E+03 .1470E+01
.5460E+03 .1478E+01
.5470E+03 .1479E+01
.5480E+03 .1459E+01
.5490E+03 .1465E+01
.5500E+03 .1487E+01
.5510E+03 .1472E+01
.5520E+03 .1483E+01
.5530E+03 .1454E+01
.5540E+03 .1491E+01
.5550E+03 .1497E+01
.5560E+03 .1479E+01
.5570E+03 .1433E+01
.5580E+03 .1422E+01
.5590E+03 .1398E+01
.5600E+03 .1416E+01
.5610E+03 .1434E+01
.5620E+03 .1424E+01
.5630E+03 .1461E+01
.5640E+03 .1418E+01
.5650E+03 .1408E+01
.5660E+03 .1393E+01
.5670E+03 .1420E+01
.5680E+03 .1404E+01
.5690E+03 .1369E+01
.5700E+03 .1370E+01
.5710E+03 .1362E+01
.5720E+03 .1394E+01
.5730E+03 .1413E+01
.5740E+03 .1412E+01
.5750E+03 .1387E+01
.5760E+03 .1376E+01
.5770E+03 .1392E+01
.5780E+03 .1371E+01
.5790E+03 .1375E+01
.5800E+03 .1401E+01
.5810E+03 .1410E+01
.5820E+03 .1438E+01
.5830E+03 .1442E+01
.5840E+03 .1454E+01
.5850E+03 .1416E+01
.5860E+03 .1386E+01
.5870E+03 .1414E+01
.5880E+03 .1372E+01
.5890E+03 .1203E+01
.5900E+03 .1257E+01
.5910E+03 .1336E+01
.5920E+03 .1316E+01
.5930E+03 .1342E+01
.5940E+03 .1336E+01
.5950E+03 .1302E+01
.5960E+03 .1362E+01
.5970E+03 .1347E+01
.5980E+03 .1347E+01
.5990E+03 .1351E+01
.6000E+03 .1356E+01
.6010E+03 .1347E+01
.6020E+03 .1338E+01
.6030E+03 .1362E+01
.6040E+03 .1385E+01
.6050E+03 .1379E+01
.6060E+03 .1376E+01
.6070E+03 .1392E+01
.6080E+03 .1378E+01
.6090E+03 .1381E+01
.6100E+03 .1370E+01
.6110E+03 .1377E+01
.6120E+03 .1371E+01
.6130E+03 .1353E+01
.6140E+03 .1336E+01
.6150E+03 .1367E+01
.6160E+03 .1321E+01
.6170E+03 .1318E+01
.6180E+03 .1370E+01
.6190E+03 .1357E+01
.6200E+03 .1363E+01
.6210E+03 .1361E+01
.6220E+03 .1333E+01
.6230E+03 .1299E+01
.6240E+03 .1283E+01
.6250E+03 .1292E+01
.6260E+03 .1314E+01
.6270E+03 .1329E+01
.6280E+03 .1244E+01
.6290E+03 .1300E+01
.6300E+03 .1274E+01
.6310E+03 .1306E+01
.6320E+03 .1290E+01
.6330E+03 .1334E+01
.6340E+03 .1323E+01
.6350E+03 .1343E+01
.6360E+03 .1324E+01
.6370E+03 .1345E+01
.6380E+03 .1359E+01
.6390E+03 .1345E+01
.6400E+03 .1333E+01
.6410E+03 .1333E+01
.6420E+03 .1327E+01
.6430E+03 .1344E+01
.6440E+03 .1341E+01
.6450E+03 .1342E+01
.6460E+03 .1307E+01
.6470E+03 .1285E+01
.6480E+03 .1285E+01
.6490E+03 .1262E+01
.6500E+03 .1276E+01
.6510E+03 .1332E+01
.6520E+03 .1266E+01
.6530E+03 .1315E+01
.6540E+03 .1301E+01
.6550E+03 .1247E+01
.6560E+03 .1107E+01
.6570E+03 .1136E+01
.6580E+03 .1274E+01
.6590E+03 .1280E+01
.6600E+03 .1277E+01
.6610E+03 .1272E+01
.6620E+03 .1263E+01
.6630E+03 .1246E+01
.6640E+03 .1275E+01
.6650E+03 .1284E+01
.6660E+03 .1293E+01
.6670E+03 .1297E+01
.6680E+03 .1300E+01
.6690E+03 .1321E+01
.6700E+03 .1316E+01
.6710E+03 .1317E+01
.6720E+03 .1306E+01
.6730E+03 .1326E+01
.6740E+03 .1321E+01
.6750E+03 .1309E+01
.6760E+03 .1318E+01
.6770E+03 .1305E+01
.6780E+03 .1309E+01
.6790E+03 .1288E+01
.6800E+03 .1298E+01
.6810E+03 .1290E+01
.6820E+03 .1290E+01
.6830E+03 .1287E+01
.6840E+03 .1281E+01
.6850E+03 .1293E+01
.6860E+03 .1285E+01
.6870E+03 .8688E+00
.6880E+03 .1012E+01
.6890E+03 .1015E+01
.6900E+03 .1062E+01
.6910E+03 .1114E+01
.6920E+03 .1147E+01
.6930E+03 .1124E+01
.6940E+03 .1106E+01
.6950E+03 .1160E+01
.6960E+03 .1161E+01
.6970E+03 .1245E+01
.6980E+03 .1225E+01
.6990E+03 .1187E+01
.7000E+03 .1172E+01
.7010E+03 .1157E+01
.7020E+03 .1168E+01
.7030E+03 .1171E+01
.7040E+03 .1214E+01
.7050E+03 .1214E+01
.7060E+03 .1216E+01
.7070E+03 .1217E+01
.7080E+03 .1220E+01
.7090E+03 .1226E+01
.7100E+03 .1224E+01
.7110E+03 .1224E+01
.7120E+03 .1222E+01
.7130E+03 .1208E+01
.7140E+03 .1213E+01
.7150E+03 .1170E+01
.7160E+03 .1169E+01
.7170E+03 .9795E+00
.7180E+03 .8881E+00
.7190E+03 .8172E+00
.7200E+03 .8532E+00
.7210E+03 .9647E+00
.7220E+03 .1125E+01
.7230E+03 .1035E+01
.7240E+03 .9200E+00
.7250E+03 .8964E+00
.7260E+03 .9428E+00
.7270E+03 .9647E+00
.7280E+03 .8969E+00
.7290E+03 .9428E+00
.7300E+03 .9951E+00
.7310E+03 .9489E+00
.7320E+03 .1028E+01
.7330E+03 .1101E+01
.7340E+03 .1131E+01
.7350E+03 .1105E+01
.7360E+03 .1104E+01
.7370E+03 .1108E+01
.7380E+03 .1133E+01
.7390E+03 .1110E+01
.7400E+03 .1143E+01
.7410E+03 .1134E+01
.7420E+03 .1137E+01
.7430E+03 .1167E+01
.7440E+03 .1165E+01
.7450E+03 .1166E+01
.7460E+03 .1171E+01
.7470E+03 .1175E+01
.7480E+03 .1173E+01
.7490E+03 .1159E+01
.7500E+03 .1159E+01
.7510E+03 .1147E+01
.7520E+03 .1152E+01
.7530E+03 .1158E+01
.7540E+03 .1161E+01
.7550E+03 .1154E+01
.7560E+03 .1154E+01
.7570E+03 .1156E+01
.7580E+03 .1142E+01
.7590E+03 .1120E+01
.7600E+03 .1986E+00
.7610E+03 .1063E+00
.7620E+03 .5864E+00
.7630E+03 .2996E+00
.7640E+03 .4448E+00
.7650E+03 .5866E+00
.7660E+03 .7143E+00
.7670E+03 .8954E+00
.7680E+03 .1029E+01
.7690E+03 .1049E+01
.7700E+03 .1084E+01
.7710E+03 .1092E+01
.7720E+03 .1094E+01
.7730E+03 .1102E+01
.7740E+03 .1097E+01
.7750E+03 .1088E+01
.7760E+03 .1102E+01
.7770E+03 .1087E+01
.7780E+03 .1081E+01
.7790E+03 .1082E+01
.7800E+03 .1076E+01
.7810E+03 .1077E+01
.7820E+03 .1084E+01
.7830E+03 .1065E+01
.7840E+03 .1070E+01
.7850E+03 .1062E+01
.7860E+03 .1073E+01
.7870E+03 .1050E+01
.7880E+03 .1035E+01
.7890E+03 .1033E+01
.7900E+03 .1000E+01
.7910E+03 .1014E+01
.7920E+03 .1008E+01
.7930E+03 .9906E+00
.7940E+03 .1015E+01
.7950E+03 .1030E+01
.7960E+03 .9901E+00
.7970E+03 .9908E+00
.7980E+03 .1028E+01
.7990E+03 .1020E+01
.8000E+03 .9995E+00
.8010E+03 .9953E+00
.8020E+03 .9925E+00
.8030E+03 .9839E+00
.8040E+03 .9863E+00
.8050E+03 .9857E+00
.8060E+03 .1017E+01
.8070E+03 .1004E+01
.8080E+03 .1006E+01
.8090E+03 .9840E+00
.8100E+03 .9720E+00
.8110E+03 .9705E+00
.8120E+03 .9370E+00
.8130E+03 .9146E+00
.8140E+03 .7872E+00
.8150E+03 .7831E+00
.8160E+03 .7248E+00
.8170E+03 .7426E+00
.8180E+03 .7113E+00
.8190E+03 .8125E+00
.8200E+03 .7588E+00
.8210E+03 .9065E+00
.8220E+03 .8761E+00
.8230E+03 .5643E+00
.8240E+03 .8408E+00
.8250E+03 .8899E+00
.8260E+03 .8504E+00
.8270E+03 .9030E+00
.8280E+03 .7465E+00
.8290E+03 .8454E+00
.8300E+03 .8300E+00
.8310E+03 .8337E+00
.8320E+03 .8037E+00
.8330E+03 .8681E+00
.8340E+03 .8306E+00
.8350E+03 .9272E+00
.8360E+03 .8776E+00
.8370E+03 .9304E+00
.8380E+03 .8966E+00
.8390E+03 .9175E+00
.8400E+03 .9389E+00
.8410E+03 .9235E+00
.8420E+03 .9288E+00
.8430E+03 .9316E+00
.8440E+03 .9166E+00
.8450E+03 .9504E+00
.8460E+03 .9469E+00
.8470E+03 .9303E+00
.8480E+03 .9232E+00
.8490E+03 .8970E+00
.8500E+03 .8596E+00
.8510E+03 .9087E+00
.8520E+03 .9030E+00
.8530E+03 .8707E+00
.8540E+03 .7505E+00
.8550E+03 .8263E+00
.8560E+03 .9022E+00
.8570E+03 .9235E+00
.8580E+03 .9162E+00
.8590E+03 .9176E+00
.8600E+03 .9199E+00
.8610E+03 .9146E+00
.8620E+03 .9293E+00
.8630E+03 .9513E+00
.8640E+03 .9037E+00
.8650E+03 .8960E+00
.8660E+03 .8057E+00
.8670E+03 .8408E+00
.8680E+03 .9150E+00
.8690E+03 .8961E+00
.8700E+03 .9217E+00
.8710E+03 .9091E+00
.8720E+03 .9060E+00
.8730E+03 .9042E+00
.8740E+03 .8935E+00
.8750E+03 .8754E+00
.8760E+03 .8844E+00
.8770E+03 .8935E+00
.8780E+03 .9029E+00
.8790E+03 .8891E+00
.8800E+03 .8702E+00
.8810E+03 .8562E+00
.8820E+03 .8746E+00
.8830E+03 .8779E+00
.8840E+03 .8739E+00
.8850E+03 .8805E+00
.8860E+03 .8364E+00
.8870E+03 .8474E+00
.8880E+03 .8581E+00
.8890E+03 .8710E+00
.8900E+03 .8604E+00
.8910E+03 .8601E+00
.8920E+03 .8321E+00
.8930E+03 .8021E+00
.8940E+03 .7651E+00
.8950E+03 .7127E+00
.8960E+03 .6630E+00
.8970E+03 .5562E+00
.8980E+03 .6182E+00
.8990E+03 .4581E+00
.9000E+03 .6436E+00
.9010E+03 .4758E+00
.9020E+03 .5832E+00
.9030E+03 .5855E+00
.9040E+03 .7590E+00
.9050E+03 .7289E+00
.9060E+03 .6792E+00
.9070E+03 .5362E+00
.9080E+03 .5463E+00
.9090E+03 .5998E+00
.9100E+03 .5157E+00
.9110E+03 .5602E+00
.9120E+03 .5876E+00
.9130E+03 .5223E+00
.9140E+03 .5179E+00
.9150E+03 .5630E+00
.9160E+03 .4716E+00
.9170E+03 .6179E+00
.9180E+03 .4809E+00
.9190E+03 .6348E+00
.9200E+03 .6450E+00
.9210E+03 .6778E+00
.9220E+03 .5939E+00
.9230E+03 .6560E+00
.9240E+03 .6066E+00
.9250E+03 .5944E+00
.9260E+03 .5991E+00
.9270E+03 .6822E+00
.9280E+03 .4673E+00
.9290E+03 .4172E+00
.9300E+03 .3144E+00
.9310E+03 .2998E+00
.9320E+03 .2024E+00
.9330E+03 .1586E+00
.9340E+03 .7461E-01
.9350E+03 .1696E+00
.9360E+03 .9696E-01
.9370E+03 .9867E-01
.9380E+03 .1244E+00
.9390E+03 .2929E+00
.9400E+03 .3612E+00
.9410E+03 .2597E+00
.9420E+03 .3082E+00
.9430E+03 .1954E+00
.9440E+03 .2156E+00
.9450E+03 .2702E+00
.9460E+03 .1251E+00
.9470E+03 .2669E+00
.9480E+03 .1968E+00
.9490E+03 .3708E+00
.9500E+03 .8423E-01
.9510E+03 .3673E+00
.9520E+03 .1788E+00
.9530E+03 .2443E+00
.9540E+03 .3113E+00
.9550E+03 .2457E+00
.9560E+03 .2503E+00
.9570E+03 .1770E+00
.9580E+03 .3718E+00
.9590E+03 .2798E+00
.9600E+03 .3124E+00
.9610E+03 .3642E+00
.9620E+03 .3439E+00
.9630E+03 .4069E+00
.9640E+03 .3693E+00
.9650E+03 .4055E+00
.9660E+03 .4004E+00
.9670E+03 .3962E+00
.9680E+03 .5774E+00
.9690E+03 .5985E+00
.9700E+03 .5417E+00
.9710E+03 .6408E+00
.9720E+03 .6116E+00
.9730E+03 .5095E+00
.9740E+03 .4859E+00
.9750E+03 .5118E+00
.9760E+03 .4731E+00
.9770E+03 .5564E+00
.9780E+03 .5212E+00
.9790E+03 .5512E+00
.9800E+03 .5137E+00
.9810E+03 .6394E+00
.9820E+03 .6044E+00
.9830E+03 .5761E+00
.9840E+03 .6668E+00
.9850E+03 .6016E+00
.9860E+03 .6824E+00
.9870E+03 .6642E+00
.9880E+03 .6634E+00
.9890E+03 .6842E+00
.9900E+03 .6592E+00
.9910E+03 .6859E+00
.9920E+03 .6906E+00
.9930E+03 .6697E+00
.9940E+03 .6911E+00
.9950E+03 .6911E+00
.9960E+03 .6870E+00
.9970E+03 .6885E+00
.9980E+03 .6852E+00
.9990E+03 .6828E+00
.1000E+04 .6765E+00
.1001E+04 .6867E+00
.1002E+04 .6623E+00
.1003E+04 .6742E+00
.1004E+04 .6564E+00
.1005E+04 .6343E+00
.1006E+04 .6580E+00
.1007E+04 .6727E+00
.1008E+04 .6678E+00
.1009E+04 .6633E+00
.1010E+04 .6598E+00
.1011E+04 .6694E+00
.1012E+04 .6626E+00
.1013E+04 .6682E+00
.1014E+04 .6636E+00
.1015E+04 .6590E+00
.1016E+04 .6560E+00
.1017E+04 .6574E+00
.1018E+04 .6557E+00
.1019E+04 .6397E+00
.1020E+04 .6520E+00
.1021E+04 .6515E+00
.1022E+04 .6457E+00
.1023E+04 .6524E+00
.1024E+04 .6416E+00
.1025E+04 .6529E+00
.1026E+04 .6496E+00
.1027E+04 .6482E+00
.1028E+04 .6467E+00
.1029E+04 .6389E+00
.1030E+04 .6442E+00
.1031E+04 .6413E+00
.1032E+04 .6399E+00
.1033E+04 .6302E+00
.1034E+04 .6304E+00
.1035E+04 .6325E+00
.1036E+04 .6356E+00
.1037E+04 .6251E+00
.1038E+04 .6281E+00
.1039E+04 .6277E+00
.1040E+04 .6252E+00
.1041E+04 .6277E+00
.1042E+04 .6235E+00
.1043E+04 .6216E+00
.1044E+04 .6238E+00
.1045E+04 .6153E+00
.1046E+04 .6085E+00
.1047E+04 .6140E+00
.1048E+04 .6174E+00
.1049E+04 .6145E+00
.1050E+04 .6115E+00
.1051E+04 .6113E+00
.1052E+04 .6085E+00
.1053E+04 .6038E+00
.1054E+04 .6053E+00
.1055E+04 .6057E+00
.1056E+04 .6036E+00
.1057E+04 .6018E+00
.1058E+04 .5870E+00
.1059E+04 .5876E+00
.1060E+04 .5868E+00
.1061E+04 .5861E+00
.1062E+04 .5889E+00
.1063E+04 .5829E+00
.1064E+04 .5901E+00
.1065E+04 .5852E+00
.1066E+04 .5743E+00
.1067E+04 .5813E+00
.1068E+04 .5681E+00
.1069E+04 .5503E+00
.1070E+04 .5677E+00
.1071E+04 .5787E+00
.1072E+04 .5699E+00
.1073E+04 .5622E+00
.1074E+04 .5785E+00
.1075E+04 .5435E+00
.1076E+04 .5770E+00
.1077E+04 .5635E+00
.1078E+04 .5511E+00
.1079E+04 .5682E+00
.1080E+04 .5528E+00
.1081E+04 .5335E+00
.1082E+04 .5464E+00
.1083E+04 .5494E+00
.1084E+04 .5306E+00
.1085E+04 .5545E+00
.1086E+04 .4973E+00
.1087E+04 .5201E+00
.1088E+04 .5468E+00
.1089E+04 .5253E+00
.1090E+04 .5107E+00
.1091E+04 .5430E+00
.1092E+04 .5438E+00
.1093E+04 .4462E+00
.1094E+04 .4940E+00
.1095E+04 .4660E+00
.1096E+04 .4419E+00
.1097E+04 .5304E+00
.1098E+04 .4327E+00
.1099E+04 .4539E+00
.1100E+04 .4160E+00
.1101E+04 .4232E+00
.1102E+04 .4000E+00
.1103E+04 .3932E+00
.1104E+04 .3941E+00
.1105E+04 .4404E+00
.1106E+04 .3137E+00
.1107E+04 .4152E+00
.1108E+04 .3374E+00
.1109E+04 .3357E+00
.1110E+04 .4020E+00
.1111E+04 .2580E+00
.1112E+04 .3326E+00
.1113E+04 .1976E+00
.1114E+04 .2215E+00
.1115E+04 .1828E+00
.1116E+04 .1359E+00
.1117E+04 .4102E-01
.1118E+04 .1526E+00
.1119E+04 .6704E-01
.1120E+04 .8402E-01
.1121E+04 .1162E+00
.1122E+04 .4306E-01
.1123E+04 .7683E-01
.1124E+04 .6452E-01
.1125E+04 .8646E-01
.1126E+04 .2416E-01
.1127E+04 .9778E-01
.1128E+04 .5167E-01
.1129E+04 .5518E-01
.1130E+04 .3512E-01
.1131E+04 .2025E+00
.1132E+04 .1548E+00
.1133E+04 .8807E-01
.1134E+04 .1786E-01
.1135E+04 .7432E-02
.1136E+04 .7108E-01
.1137E+04 .1946E+00
.1138E+04 .1360E+00
.1139E+04 .2265E+00
.1140E+04 .1795E+00
.1141E+04 .1317E+00
.1142E+04 .1542E+00
.1143E+04 .2258E+00
.1144E+04 .7035E-01
.1145E+04 .8625E-01
.1146E+04 .9238E-01
.1147E+04 .2666E-01
.1148E+04 .1961E+00
.1149E+04 .1501E+00
.1150E+04 .7717E-01
.1151E+04 .1341E+00
.1152E+04 .1745E+00
.1153E+04 .1751E+00
.1154E+04 .8005E-01
.1155E+04 .2329E+00
.1156E+04 .2057E+00
.1157E+04 .2379E+00
.1158E+04 .2348E+00
.1159E+04 .2590E+00
.1160E+04 .2138E+00
.1161E+04 .2702E+00
.1162E+04 .2740E+00
.1163E+04 .3994E+00
.1164E+04 .3271E+00
.1165E+04 .3073E+00
.1166E+04 .3013E+00
.1167E+04 .3368E+00
.1168E+04 .3451E+00
.1169E+04 .3553E+00
.1170E+04 .3931E+00
.1171E+04 .3831E+00
.1172E+04 .3917E+00
.1173E+04 .3928E+00
.1174E+04 .2647E+00
.1175E+04 .3875E+00
.1176E+04 .4331E+00
.1177E+04 .4113E+00
.1178E+04 .2976E+00
.1179E+04 .4386E+00
.1180E+04 .3810E+00
.1181E+04 .3946E+00
.1182E+04 .2596E+00
.1183E+04 .3905E+00
.1184E+04 .3621E+00
.1185E+04 .3448E+00
.1186E+04 .4222E+00
.1187E+04 .3981E+00
.1188E+04 .2625E+00
.1189E+04 .3693E+00
.1190E+04 .4129E+00
.1191E+04 .3843E+00
.1192E+04 .4199E+00
.1193E+04 .3994E+00
.1194E+04 .4140E+00
.1195E+04 .3858E+00
.1196E+04 .3683E+00
.1197E+04 .4166E+00
.1198E+04 .3772E+00
.1199E+04 .3104E+00
.1200E+04 .3945E+00
.1201E+04 .3764E+00
.1202E+04 .3774E+00
.1203E+04 .3701E+00
.1204E+04 .3070E+00
.1205E+04 .3798E+00
.1206E+04 .4311E+00
.1207E+04 .3683E+00
.1208E+04 .3650E+00
.1209E+04 .3748E+00
.1210E+04 .3951E+00
.1211E+04 .3742E+00
.1212E+04 .3646E+00
.1213E+04 .4181E+00
.1214E+04 .3765E+00
.1215E+04 .3687E+00
.1216E+04 .4177E+00
.1217E+04 .4047E+00
.1218E+04 .4094E+00
.1219E+04 .3964E+00
.1220E+04 .4098E+00
.1221E+04 .4177E+00
.1222E+04 .4034E+00
.1223E+04 .3985E+00
.1224E+04 .3958E+00
.1225E+04 .4155E+00
.1226E+04 .4204E+00
.1227E+04 .3823E+00
.1228E+04 .4240E+00
.1229E+04 .4217E+00
.1230E+04 .4133E+00
.1231E+04 .4289E+00
.1232E+04 .4263E+00
.1233E+04 .4067E+00
.1234E+04 .4297E+00
.1235E+04 .4262E+00
.1236E+04 .4301E+00
.1237E+04 .4221E+00
.1238E+04 .4288E+00
.1239E+04 .4233E+00
.1240E+04 .4252E+00
.1241E+04 .4221E+00
.1242E+04 .4223E+00
.1243E+04 .4191E+00
.1244E+04 .4217E+00
.1245E+04 .4239E+00
.1246E+04 .4214E+00
.1247E+04 .4197E+00
.1248E+04 .4189E+00
.1249E+04 .4208E+00
.1250E+04 .4182E+00
.1251E+04 .4129E+00
.1252E+04 .4128E+00
.1253E+04 .4097E+00
.1254E+04 .4050E+00
.1255E+04 .4122E+00
.1256E+04 .4010E+00
.1257E+04 .3990E+00
.1258E+04 .4059E+00
.1259E+04 .3919E+00
.1260E+04 .3935E+00
.1261E+04 .3717E+00
.1262E+04 .3611E+00
.1263E+04 .3613E+00
.1264E+04 .3338E+00
.1265E+04 .3594E+00
.1266E+04 .3461E+00
.1267E+04 .3514E+00
.1268E+04 .3339E+00
.1269E+04 .2086E+00
.1270E+04 .3507E+00
.1271E+04 .3698E+00
.1272E+04 .3713E+00
.1273E+04 .3675E+00
.1274E+04 .3680E+00
.1275E+04 .3743E+00
.1276E+04 .3773E+00
.1277E+04 .3782E+00
.1278E+04 .3875E+00
.1279E+04 .3822E+00
.1280E+04 .3770E+00
.1281E+04 .3599E+00
.1282E+04 .3481E+00
.1283E+04 .3747E+00
.1284E+04 .3820E+00
.1285E+04 .3853E+00
.1286E+04 .3907E+00
.1287E+04 .3826E+00
.1288E+04 .3826E+00
.1289E+04 .3677E+00
.1290E+04 .3789E+00
.1291E+04 .3850E+00
.1292E+04 .3552E+00
.1293E+04 .3753E+00
.1294E+04 .3712E+00
.1295E+04 .3695E+00
.1296E+04 .3482E+00
.1297E+04 .3262E+00
.1298E+04 .3585E+00
.1299E+04 .3771E+00
.1300E+04 .3081E+00
.1301E+04 .3167E+00
.1302E+04 .3575E+00
.1303E+04 .3026E+00
.1304E+04 .2498E+00
.1305E+04 .3482E+00
.1306E+04 .3475E+00
.1307E+04 .2545E+00
.1308E+04 .3083E+00
.1309E+04 .3446E+00
.1310E+04 .2523E+00
.1311E+04 .2911E+00
.1312E+04 .2830E+00
.1313E+04 .2718E+00
.1314E+04 .2424E+00
.1315E+04 .2301E+00
.1316E+04 .2827E+00
.1317E+04 .2691E+00
.1318E+04 .2963E+00
.1319E+04 .2157E+00
.1320E+04 .2159E+00
.1321E+04 .2545E+00
.1322E+04 .2535E+00
.1323E+04 .1824E+00
.1324E+04 .2130E+00
.1325E+04 .2800E+00
.1326E+04 .2324E+00
.1327E+04 .2204E+00
.1328E+04 .1880E+00
.1329E+04 .1330E+00
.1330E+04 .1751E+00
.1331E+04 .9710E-01
.1332E+04 .1037E+00
.1333E+04 .1459E+00
.1334E+04 .1301E+00
.1335E+04 .1819E+00
.1336E+04 .1391E+00
.1337E+04 .1192E+00
.1338E+04 .1286E+00
.1339E+04 .1301E+00
.1340E+04 .1293E+00
.1341E+04 .1192E+00
.1342E+04 .1214E+00
.1343E+04 .7286E-01
.1344E+04 .4593E-01
.1345E+04 .6494E-01
.1346E+04 .2593E-01
.1347E+04 .2528E-01
.1348E+04 .1063E-02
.1349E+04 .4234E-02
.1350E+04 .4980E-02
.1351E+04 .7745E-03
.1352E+04 .1273E-03
.1353E+04 .4383E-05
.1354E+04 .2088E-04
.1355E+04 .6087E-07
.1356E+04 .2366E-05
.1357E+04 .3390E-05
.1358E+04 .7838E-07
.1359E+04 .4327E-08
.1360E+04 .2747E-07
.1361E+04 .5803E-11
.1362E+04 .8578E-14
.1363E+04 .2449E-07
.1364E+04 .1055E-07
.1365E+04 .1556E-14
.1366E+04 .1502E-06
.1367E+04 .7646E-07
.1368E+04 .1814E-17
.1369E+04 .5012E-08
.1370E+04 .1593E-08
.1371E+04 .6412E-10
.1372E+04 .4824E-07
.1373E+04 .1319E-05
.1374E+04 .8673E-05
.1375E+04 .1522E-04
.1376E+04 .2101E-04
.1377E+04 .9292E-05
.1378E+04 .8478E-04
.1379E+04 .3823E-05
.1380E+04 .3898E-05
.1381E+04 .9629E-07
.1382E+04 .3524E-07
.1383E+04 .3990E-09
.1384E+04 .4377E-08
.1385E+04 .4464E-07
.1386E+04 .2233E-07
.1387E+04 .4827E-05
.1388E+04 .1568E-06
.1389E+04 .3503E-04
.1390E+04 .2981E-04
.1391E+04 .1840E-04
.1392E+04 .1388E-05
.1393E+04 .8452E-05
.1394E+04 .1966E-05
.1395E+04 .1110E-07
.1396E+04 .1129E-10
.1397E+04 .3229E-05
.1398E+04 .7967E-04
.1399E+04 .5812E-04
.1400E+04 .3237E-11
.1401E+04 .2281E-10
.1402E+04 .3027E-03
.1403E+04 .3244E-03
.1404E+04 .9394E-04
.1405E+04 .5886E-08
.1406E+04 .1672E-03
.1407E+04 .2357E-04
.1408E+04 .1652E-03
.1409E+04 .3912E-04
.1410E+04 .4670E-04
.1411E+04 .2945E-03
.1412E+04 .4502E-03
.1413E+04 .5445E-02
.1414E+04 .3737E-04
.1415E+04 .1609E-04
.1416E+04 .1398E-01
.1417E+04 .3143E-02
.1418E+04 .3618E-02
.1419E+04 .5495E-03
.1420E+04 .2249E-02
.1421E+04 .2385E-02
.1422E+04 .1879E-01
.1423E+04 .3466E-02
.1424E+04 .6965E-02
.1425E+04 .9394E-02
.1426E+04 .1220E-01
.1427E+04 .2623E-01
.1428E+04 .9585E-03
.1429E+04 .1685E-01
.1430E+04 .3457E-01
.1431E+04 .2656E-01
.1432E+04 .4743E-03
.1433E+04 .1751E-01
.1434E+04 .1023E-01
.1435E+04 .7401E-02
.1436E+04 .1745E-01
.1437E+04 .1274E-01
.1438E+04 .5124E-02
.1439E+04 .2291E-01
.1440E+04 .1849E-01
.1441E+04 .1334E-01
.1442E+04 .1517E-01
.1443E+04 .2267E-01
.1444E+04 .3209E-01
.1445E+04 .2282E-01
.1446E+04 .9912E-02
.1447E+04 .1593E-01
.1448E+04 .7424E-01
.1449E+04 .6202E-01
.1450E+04 .1276E-01
.1451E+04 .4773E-02
.1452E+04 .3485E-01
.1453E+04 .4729E-01
.1454E+04 .9462E-01
.1455E+04 .4012E-01
.1456E+04 .5146E-01
.1457E+04 .7620E-01
.1458E+04 .9913E-01
.1459E+04 .1157E+00
.1460E+04 .5701E-01
.1461E+04 .5456E-01
.1462E+04 .8703E-01
.1463E+04 .2483E-01
.1464E+04 .1114E+00
.1465E+04 .6584E-01
.1466E+04 .3617E-01
.1467E+04 .1700E-01
.1468E+04 .4521E-01
.1469E+04 .5847E-01
.1470E+04 .2394E-01
.1471E+04 .8380E-02
.1472E+04 .2208E-01
.1473E+04 .3881E-01
.1474E+04 .6563E-01
.1475E+04 .1383E+00
.1476E+04 .4082E-01
.1477E+04 .3945E-01
.1478E+04 .4084E-01
.1479E+04 .8306E-01
.1480E+04 .3450E-01
.1481E+04 .7826E-01
.1482E+04 .3591E-01
.1483E+04 .1057E+00
.1484E+04 .1024E+00
.1485E+04 .8788E-01
.1486E+04 .8375E-01
.1487E+04 .3255E-01
.1488E+04 .6714E-01
.1489E+04 .1453E+00
.1490E+04 .1378E+00
.1491E+04 .1617E+00
.1492E+04 .1221E+00
.1493E+04 .1397E+00
.1494E+04 .1647E+00
.1495E+04 .1447E+00
.1496E+04 .1336E+00
.1497E+04 .1991E+00
.1498E+04 .1501E+00
.1499E+04 .1807E+00
.1500E+04 .2193E+00
.1501E+04 .2315E+00
.1502E+04 .1894E+00
.1503E+04 .1555E+00
.1504E+04 .1221E+00
.1505E+04 .1522E+00
.1506E+04 .2350E+00
.1507E+04 .2239E+00
.1508E+04 .2116E+00
.1509E+04 .1539E+00
.1510E+04 .2458E+00
.1511E+04 .2345E+00
.1512E+04 .2350E+00
.1513E+04 .2088E+00
.1514E+04 .1925E+00
.1515E+04 .2424E+00
.1516E+04 .2306E+00
.1517E+04 .2228E+00
.1518E+04 .2228E+00
.1519E+04 .2157E+00
.1520E+04 .2358E+00
.1521E+04 .2571E+00
.1522E+04 .2412E+00
.1523E+04 .2613E+00
.1524E+04 .2515E+00
.1525E+04 .2372E+00
.1526E+04 .2415E+00
.1527E+04 .2401E+00
.1528E+04 .2592E+00
.1529E+04 .2451E+00
.1530E+04 .2393E+00
.1531E+04 .2468E+00
.1532E+04 .2583E+00
.1533E+04 .2574E+00
.1534E+04 .2504E+00
.1535E+04 .2473E+00
.1536E+04 .2552E+00
.1537E+04 .2503E+00
.1538E+04 .2564E+00
.1539E+04 .2495E+00
.1540E+04 .2495E+00
.1541E+04 .2519E+00
.1542E+04 .2490E+00
.1543E+04 .2552E+00
.1544E+04 .2524E+00
.1545E+04 .2593E+00
.1546E+04 .2550E+00
.1547E+04 .2522E+00
.1548E+04 .2522E+00
.1549E+04 .2549E+00
.1550E+04 .2529E+00
.1551E+04 .2547E+00
.1552E+04 .2520E+00
.1553E+04 .2514E+00
.1554E+04 .2491E+00
.1555E+04 .2500E+00
.1556E+04 .2497E+00
.1557E+04 .2528E+00
.1558E+04 .2514E+00
.1559E+04 .2498E+00
.1560E+04 .2514E+00
.1561E+04 .2532E+00
.1562E+04 .2497E+00
.1563E+04 .2478E+00
.1564E+04 .2489E+00
.1565E+04 .2496E+00
.1566E+04 .2459E+00
.1567E+04 .2456E+00
.1568E+04 .2400E+00
.1569E+04 .2344E+00
.1570E+04 .2232E+00
.1571E+04 .2102E+00
.1572E+04 .2117E+00
.1573E+04 .2100E+00
.1574E+04 .2130E+00
.1575E+04 .2260E+00
.1576E+04 .2174E+00
.1577E+04 .2018E+00
.1578E+04 .2134E+00
.1579E+04 .2137E+00
.1580E+04 .2222E+00
.1581E+04 .2225E+00
.1582E+04 .2213E+00
.1583E+04 .2253E+00
.1584E+04 .2324E+00
.1585E+04 .2369E+00
.1586E+04 .2354E+00
.1587E+04 .2319E+00
.1588E+04 .2263E+00
.1589E+04 .2193E+00
.1590E+04 .2242E+00
.1591E+04 .2298E+00
.1592E+04 .2362E+00
.1593E+04 .2403E+00
.1594E+04 .2396E+00
.1595E+04 .2367E+00
.1596E+04 .2294E+00
.1597E+04 .2342E+00
.1598E+04 .2353E+00
.1599E+04 .2254E+00
.1600E+04 .2154E+00
.1601E+04 .2034E+00
.1602E+04 .2018E+00
.1603E+04 .2021E+00
.1604E+04 .2048E+00
.1605E+04 .2183E+00
.1606E+04 .2209E+00
.1607E+04 .2148E+00
.1608E+04 .2066E+00
.1609E+04 .1990E+00
.1610E+04 .2004E+00
.1611E+04 .2066E+00
.1612E+04 .2128E+00
.1613E+04 .2165E+00
.1614E+04 .2202E+00
.1615E+04 .2173E+00
.1616E+04 .2154E+00
.1617E+04 .2206E+00
.1618E+04 .2252E+00
.1619E+04 .2214E+00
.1620E+04 .2174E+00
.1621E+04 .2204E+00
.1622E+04 .2240E+00
.1623E+04 .2274E+00
.1624E+04 .2249E+00
.1625E+04 .2239E+00
.1626E+04 .2246E+00
.1627E+04 .2263E+00
.1628E+04 .2255E+00
.1629E+04 .2235E+00
.1630E+04 .2222E+00
.1631E+04 .2209E+00
.1632E+04 .2203E+00
.1633E+04 .2136E+00
.1634E+04 .2188E+00
.1635E+04 .2153E+00
.1636E+04 .2137E+00
.1637E+04 .2110E+00
.1638E+04 .1980E+00
.1639E+04 .2051E+00
.1640E+04 .1947E+00
.1641E+04 .2015E+00
.1642E+04 .2050E+00
.1643E+04 .1936E+00
.1644E+04 .2058E+00
.1645E+04 .2012E+00
.1646E+04 .1973E+00
.1647E+04 .2103E+00
.1648E+04 .1951E+00
.1649E+04 .2034E+00
.1650E+04 .2062E+00
.1651E+04 .1907E+00
.1652E+04 .2048E+00
.1653E+04 .2074E+00
.1654E+04 .1968E+00
.1655E+04 .2084E+00
.1656E+04 .2047E+00
.1657E+04 .2065E+00
.1658E+04 .2095E+00
.1659E+04 .2083E+00
.1660E+04 .2102E+00
.1661E+04 .2088E+00
.1662E+04 .2021E+00
.1663E+04 .2080E+00
.1664E+04 .2058E+00
.1665E+04 .1942E+00
.1666E+04 .1561E+00
.1667E+04 .1925E+00
.1668E+04 .2004E+00
.1669E+04 .2007E+00
.1670E+04 .2053E+00
.1671E+04 .1992E+00
.1672E+04 .1969E+00
.1673E+04 .2018E+00
.1674E+04 .1970E+00
.1675E+04 .1940E+00
.1676E+04 .1951E+00
.1677E+04 .1950E+00
.1678E+04 .1888E+00
.1679E+04 .1940E+00
.1680E+04 .1859E+00
.1681E+04 .1803E+00
.1682E+04 .1907E+00
.1683E+04 .1946E+00
.1684E+04 .1777E+00
.1685E+04 .1971E+00
.1686E+04 .1964E+00
.1687E+04 .1878E+00
.1688E+04 .1953E+00
.1689E+04 .1929E+00
.1690E+04 .1918E+00
.1691E+04 .1718E+00
.1692E+04 .1907E+00
.1693E+04 .1975E+00
.1694E+04 .1886E+00
.1695E+04 .1953E+00
.1696E+04 .1951E+00
.1697E+04 .1581E+00
.1698E+04 .1934E+00
.1699E+04 .1901E+00
.1700E+04 .1843E+00
.1702E+04 .1890E+00
.1705E+04 .1819E+00
.1710E+04 .1720E+00
.1715E+04 .1717E+00
.1720E+04 .1706E+00
.1725E+04 .1580E+00
.1730E+04 .1560E+00
.1735E+04 .1450E+00
.1740E+04 .1475E+00
.1745E+04 .1379E+00
.1750E+04 .1486E+00
.1755E+04 .1346E+00
.1760E+04 .1419E+00
.1765E+04 .1127E+00
.1770E+04 .1187E+00
.1775E+04 .9172E-01
.1780E+04 .7677E-01
.1785E+04 .5366E-01
.1790E+04 .6416E-01
.1795E+04 .2603E-01
.1800E+04 .1964E-01
.1805E+04 .5517E-02
.1810E+04 .3409E-02
.1815E+04 .7082E-03
.1820E+04 .1293E-03
.1825E+04 .1841E-03
.1830E+04 .1426E-06
.1835E+04 .2042E-06
.1840E+04 .7940E-09
.1845E+04 .7101E-07
.1850E+04 .2754E-07
.1855E+04 .3657E-08
.1860E+04 .5261E-06
.1865E+04 .5396E-06
.1870E+04 .2916E-12
.1875E+04 .6001E-12
.1880E+04 .4619E-05
.1885E+04 .2458E-05
.1890E+04 .1356E-04
.1895E+04 .9030E-05
.1900E+04 .1544E-07
.1905E+04 .1211E-07
.1910E+04 .8390E-06
.1915E+04 .1193E-05
.1920E+04 .3730E-04
.1925E+04 .1257E-03
.1930E+04 .7975E-04
.1935E+04 .9103E-03
.1940E+04 .1025E-02
.1945E+04 .4716E-02
.1950E+04 .8016E-02
.1955E+04 .3555E-02
.1960E+04 .1153E-01
.1965E+04 .1641E-01
.1970E+04 .3325E-01
.1975E+04 .5029E-01
.1980E+04 .6077E-01
.1985E+04 .6908E-01
.1990E+04 .7030E-01
.1995E+04 .6684E-01
.2000E+04 .2403E-01
.2005E+04 .6865E-02
.2010E+04 .2563E-01
.2015E+04 .1487E-01
.2020E+04 .3037E-01
.2025E+04 .5943E-01
.2030E+04 .7181E-01
.2035E+04 .8587E-01
.2040E+04 .7900E-01
.2045E+04 .8042E-01
.2050E+04 .5503E-01
.2055E+04 .4142E-01
.2060E+04 .5675E-01
.2065E+04 .4947E-01
.2070E+04 .5371E-01
.2075E+04 .6744E-01
.2080E+04 .7914E-01
.2085E+04 .7747E-01
.2090E+04 .8252E-01
.2095E+04 .8388E-01
.2100E+04 .7916E-01
.2105E+04 .8824E-01
.2110E+04 .8409E-01
.2115E+04 .8682E-01
.2120E+04 .8147E-01
.2125E+04 .8318E-01
.2130E+04 .8444E-01
.2135E+04 .8515E-01
.2140E+04 .8600E-01
.2145E+04 .8502E-01
.2150E+04 .7833E-01
.2155E+04 .7878E-01
.2160E+04 .7799E-01
.2165E+04 .7092E-01
.2170E+04 .7619E-01
.2175E+04 .7387E-01
.2180E+04 .7652E-01
.2185E+04 .6714E-01
.2190E+04 .7356E-01
.2195E+04 .7280E-01
.2200E+04 .6350E-01
.2205E+04 .6735E-01
.2210E+04 .7401E-01
.2215E+04 .7035E-01
.2220E+04 .7239E-01
.2225E+04 .6993E-01
.2230E+04 .7072E-01
.2235E+04 .6876E-01
.2240E+04 .6815E-01
.2245E+04 .6519E-01
.2250E+04 .6709E-01
.2255E+04 .6239E-01
.2260E+04 .6139E-01
.2265E+04 .6321E-01
.2270E+04 .5916E-01
.2275E+04 .5817E-01
.2280E+04 .6131E-01
.2285E+04 .5700E-01
.2290E+04 .5704E-01
.2295E+04 .5544E-01
.2300E+04 .5202E-01
.2305E+04 .5251E-01
.2310E+04 .5818E-01
.2315E+04 .5138E-01
.2320E+04 .4409E-01
.2325E+04 .4965E-01
.2330E+04 .4992E-01
.2335E+04 .5167E-01
.2340E+04 .3746E-01
.2345E+04 .4401E-01
.2350E+04 .3329E-01
.2355E+04 .4006E-01
.2360E+04 .4300E-01
.2365E+04 .4199E-01
.2370E+04 .2193E-01
.2375E+04 .3638E-01
.2380E+04 .3437E-01
.2385E+04 .2289E-01
.2390E+04 .2894E-01
.2395E+04 .3247E-01
.2400E+04 .3592E-01
.2405E+04 .2564E-01
.2410E+04 .2542E-01
.2415E+04 .1962E-01
.2420E+04 .1931E-01
.2425E+04 .2508E-01
.2430E+04 .3606E-01
.2435E+04 .9502E-02
.2440E+04 .3480E-01
.2445E+04 .1417E-01
.2450E+04 .8280E-02
.2455E+04 .1724E-01
.2460E+04 .2470E-01
.2465E+04 .1617E-01
.2470E+04 .9665E-02
.2475E+04 .9330E-02
.2480E+04 .3627E-02
.2485E+04 .2232E-02
.2490E+04 .1054E-02
.2495E+04 .9449E-03
.2500E+04 .2528E-02
.2505E+04 .4014E-03
.2510E+04 .6873E-03
.2515E+04 .1131E-03
.2520E+04 .3648E-04
.2525E+04 .2472E-05
.2530E+04 .3921E-08
.2535E+04 .4201E-09
.2540E+04 .1704E-08
.2545E+04 .3917E-13
.2550E+04 .1950E-16
.2555E+04 .1299E-11
.2560E+04 .1176E-12
.2565E+04 .2856E-17
.2570E+04 .1885E-23
.2575E+04 .3029E-35
.2580E+04 .1014E-28
.2585E+04 .0000E+00
.2590E+04 .8465E-41
.2595E+04 .2989E-39
.2600E+04 .3976E-37
.2605E+04 .5423E-42
.2610E+04 .2803E-44
.2615E+04 .0000E+00
.2620E+04 .6239E-35
.2625E+04 .5081E-38
.2630E+04 .0000E+00
.2635E+04 .7209E-20
.2640E+04 .2806E-21
.2645E+04 .5178E-24
.2650E+04 .1308E-25
.2655E+04 .3188E-36
.2660E+04 .3613E-31
.2665E+04 .0000E+00
.2670E+04 .0000E+00
.2675E+04 .0000E+00
.2680E+04 .0000E+00
.2685E+04 .0000E+00
.2690E+04 .2923E-40
.2695E+04 .9754E-41
.2700E+04 .0000E+00
.2705E+04 .0000E+00
.2710E+04 .1541E-43
.2715E+04 .6879E-36
.2720E+04 .0000E+00
.2725E+04 .5223E-26
.2730E+04 .3263E-26
.2735E+04 .2157E-27
.2740E+04 .4127E-32
.2745E+04 .6232E-31
.2750E+04 .1293E-37
.2755E+04 .0000E+00
.2760E+04 .0000E+00
.2765E+04 .2623E-34
.2770E+04 .2551E-30
.2775E+04 .0000E+00
.2780E+04 .1261E-43
.2785E+04 .3164E-35
.2790E+04 .3145E-21
.2795E+04 .5418E-21
.2800E+04 .4763E-15
.2805E+04 .2453E-16
.2810E+04 .3577E-12
.2815E+04 .3500E-12
.2820E+04 .1760E-13
.2825E+04 .8265E-09
.2830E+04 .7299E-07
.2835E+04 .1759E-12
.2840E+04 .2125E-08
.2845E+04 .2302E-05
.2850E+04 .1636E-07
.2855E+04 .1337E-07
.2860E+04 .1742E-05
.2865E+04 .1841E-04
.2870E+04 .2087E-06
.2875E+04 .6070E-04
.2880E+04 .4462E-04
.2885E+04 .7894E-04
.2890E+04 .3486E-04
.2895E+04 .9406E-03
.2900E+04 .2583E-03
.2905E+04 .1537E-04
.2910E+04 .8854E-03
.2915E+04 .4088E-03
.2920E+04 .1185E-02
.2925E+04 .4071E-03
.2930E+04 .2789E-02
.2935E+04 .3406E-02
.2940E+04 .5533E-03
.2945E+04 .4923E-03
.2950E+04 .2563E-02
.2955E+04 .1234E-02
.2960E+04 .2275E-02
.2965E+04 .4592E-02
.2970E+04 .1180E-03
.2975E+04 .2845E-03
.2980E+04 .4942E-03
.2985E+04 .4007E-02
.2990E+04 .7000E-02
.2995E+04 .2190E-02
.3000E+04 .4916E-02
.3005E+04 .1393E-02
.3010E+04 .4383E-02
.3015E+04 .2967E-02
.3020E+04 .1615E-03
.3025E+04 .4732E-02
.3030E+04 .3665E-02
.3035E+04 .1225E-02
.3040E+04 .9551E-03
.3045E+04 .2030E-02
.3050E+04 .3753E-03
.3055E+04 .7133E-04
.3060E+04 .3882E-02
.3065E+04 .1407E-02
.3070E+04 .7045E-03
.3075E+04 .3643E-02
.3080E+04 .2084E-02
.3085E+04 .7134E-03
.3090E+04 .1046E-02
.3095E+04 .2039E-03
.3100E+04 .2520E-02
.3105E+04 .3889E-03
.3110E+04 .2547E-03
.3115E+04 .1023E-02
.3120E+04 .6638E-02
.3125E+04 .1757E-02
.3130E+04 .3932E-02
.3135E+04 .8278E-02
.3140E+04 .1847E-02
.3145E+04 .1845E-02
.3150E+04 .4384E-02
.3155E+04 .3656E-02
.3160E+04 .6478E-02
.3165E+04 .1154E-01
.3170E+04 .9787E-02
.3175E+04 .6736E-02
.3180E+04 .8276E-02
.3185E+04 .5296E-02
.3190E+04 .2640E-02
.3195E+04 .1180E-02
.3200E+04 .1125E-03
.3205E+04 .6470E-04
.3210E+04 .2834E-04
.3215E+04 .1292E-03
.3220E+04 .6206E-03
.3225E+04 .6132E-04
.3230E+04 .1033E-03
.3235E+04 .4708E-02
.3240E+04 .1870E-02
.3245E+04 .3280E-03
.3250E+04 .1414E-02
.3255E+04 .7003E-02
.3260E+04 .5604E-03
.3265E+04 .1182E-02
.3270E+04 .4810E-03
.3275E+04 .3654E-02
.3280E+04 .1510E-02
.3285E+04 .8360E-02
.3290E+04 .6031E-02
.3295E+04 .5482E-03
.3300E+04 .9168E-03
.3305E+04 .2180E-02
.3310E+04 .2199E-02
.3315E+04 .1304E-05
.3320E+04 .9703E-05
.3325E+04 .1851E-02
.3330E+04 .3316E-02
.3335E+04 .6716E-02
.3340E+04 .2115E-02
.3345E+04 .2122E-02
.3350E+04 .6046E-02
.3355E+04 .2052E-02
.3360E+04 .3562E-02
.3365E+04 .5519E-02
.3370E+04 .2334E-02
.3375E+04 .6508E-02
.3380E+04 .3283E-02
.3385E+04 .5705E-02
.3390E+04 .8044E-02
.3395E+04 .7688E-02
.3400E+04 .1101E-01
.3405E+04 .2861E-02
.3410E+04 .5454E-02
.3415E+04 .5402E-02
.3420E+04 .1205E-01
.3425E+04 .8303E-02
.3430E+04 .6947E-02
.3435E+04 .1012E-01
.3440E+04 .6231E-02
.3445E+04 .9779E-02
.3450E+04 .9842E-02
.3455E+04 .6588E-02
.3460E+04 .1138E-01
.3465E+04 .8241E-02
.3470E+04 .1115E-01
.3475E+04 .9532E-02
.3480E+04 .9942E-02
.3485E+04 .1093E-01
.3490E+04 .8871E-02
.3495E+04 .1119E-01
.3500E+04 .1077E-01
.3505E+04 .1071E-01
.3510E+04 .1087E-01
.3515E+04 .1012E-01
.3520E+04 .1108E-01
.3525E+04 .1018E-01
.3530E+04 .9886E-02
.3535E+04 .7858E-02
.3540E+04 .7400E-02
.3545E+04 .7953E-02
.3550E+04 .9217E-02
.3555E+04 .7440E-02
.3560E+04 .9618E-02
.3565E+04 .9706E-02
.3570E+04 .6792E-02
.3575E+04 .7176E-02
.3580E+04 .9056E-02
.3585E+04 .7724E-02
.3590E+04 .8100E-02
.3595E+04 .8466E-02
.3600E+04 .9189E-02
.3605E+04 .9259E-02
.3610E+04 .8157E-02
.3615E+04 .8278E-02
.3620E+04 .1083E-01
.3625E+04 .9056E-02
.3630E+04 .8813E-02
.3635E+04 .9138E-02
.3640E+04 .1067E-01
.3645E+04 .9536E-02
.3650E+04 .8983E-02
.3655E+04 .9969E-02
.3660E+04 .9939E-02
.3665E+04 .9114E-02
.3670E+04 .6476E-02
.3675E+04 .3178E-02
.3680E+04 .6697E-02
.3685E+04 .8083E-02
.3690E+04 .8482E-02
.3695E+04 .9003E-02
.3700E+04 .1004E-01
.3705E+04 .9871E-02
.3710E+04 .8219E-02
.3715E+04 .8079E-02
.3720E+04 .9492E-02
.3725E+04 .9901E-02
.3730E+04 .8217E-02
.3735E+04 .7287E-02
.3740E+04 .7615E-02
.3745E+04 .9381E-02
.3750E+04 .8293E-02
.3755E+04 .7926E-02
.3760E+04 .7708E-02
.3765E+04 .7451E-02
.3770E+04 .8157E-02
.3775E+04 .8053E-02
.3780E+04 .8701E-02
.3785E+04 .7704E-02
.3790E+04 .6569E-02
.3795E+04 .7882E-02
.3800E+04 .9162E-02
.3805E+04 .8409E-02
.3810E+04 .7080E-02
.3815E+04 .6564E-02
.3820E+04 .8967E-02
.3825E+04 .8750E-02
.3830E+04 .8906E-02
.3835E+04 .6457E-02
.3840E+04 .8156E-02
.3845E+04 .7936E-02
.3850E+04 .8043E-02
.3855E+04 .7636E-02
.3860E+04 .7048E-02
.3865E+04 .7317E-02
.3870E+04 .6542E-02
.3875E+04 .5842E-02
.3880E+04 .5672E-02
.3885E+04 .5968E-02
.3890E+04 .6023E-02
.3895E+04 .6741E-02
.3900E+04 .7037E-02
.3905E+04 .7169E-02
.3910E+04 .6363E-02
.3915E+04 .6206E-02
.3920E+04 .6187E-02
.3925E+04 .6033E-02
.3930E+04 .6317E-02
.3935E+04 .6654E-02
.3940E+04 .6723E-02
.3945E+04 .6833E-02
.3950E+04 .6949E-02
.3955E+04 .7056E-02
.3960E+04 .7097E-02
.3965E+04 .7176E-02
.3970E+04 .7069E-02
.3975E+04 .6845E-02
.3980E+04 .6746E-02
.3985E+04 .6797E-02
.3990E+04 .6713E-02
.3995E+04 .6575E-02
.4000E+04 .6309E-02
